#Configurational_file created 2018-11-24 00:07:51  started 2018-11-24 00:07:45 run for 6.0s steps 0
name: f10
step: 1000000
specie: 10
	particle_diameter: 1.0000000000000000
	interaction_length: 1.2000000000000000
	number_of_patches: 6
	number_of_particles_per_compound: 1
	rod_length: 2.0000000000000000
	interaction_matrix:  1.000000 1.000000 1.000000 1.000000 1.000000 1.000000 1.000000 1.000000 1.000000 1.000000 1.000000 1.000000 1.000000 1.000000 1.000000 1.000000 1.000000 1.000000 1.000000 1.000000 1.000000 1.000000 1.000000 1.000000 1.000000 1.000000 1.000000 1.000000 1.000000 1.000000 1.000000 1.000000 1.000000 1.000000 1.000000 1.000000
	patch_type: symmetric
	patch_width: 8.0000000000000000
	patch_angle: 0.0000000000000000
	angles:  0.000000 0.000000 0.000000 0.000000 0.000000 0.000000
	grand_canonical: 0
	chemical_potential: -7.2000000000000002
box: 8.500000 8.500000
copy: 1.000000 1.000000
epsilon: 1.0000000000000000
end_epsilon: 0.0000000000000000
pressure: 1.0000000000000000
lambda: 1.0000000000000000
lambda_coupling: 1.0000000000000000
uy: 0.0000000000000000
maximum_displacement: 1.0000000000000000
maximum_rotation: 1.0000000000000000
maximum_volume: 0.0000001000000000
maximum_shape: 0.0000001000000000
maximum_dsigma: 0.0100000000000000
mod: 50
pmod: 200
optimize: 1
verbose: 1
snapshot: 1
display: 1
explore: 1
npt: 0
nptxy: 0
nptdxdy: 0
shape: 0
seed: 46
screen_geometry: 640.000000 640.000000
-107.342774444318 -234.257450026666 0.879022881678 -0.476779585854
45.193261945192 74.800714922325 0.550264551242 -0.834990373386
-87.507404258696 147.843015381620 0.311769155331 -0.950157878347
-154.396924193863 -173.699567035031 0.760777608908 -0.649012657646
180.893475673401 -194.885276751192 -0.976785531943 -0.214219570972
173.738373890351 95.293180191730 0.758079564266 -0.652162076666
-30.367205322269 -135.465438761163 0.798900102161 0.601463736868
-42.836251560034 -190.846081836931 -0.578335791927 0.815798818200
95.931928231563 -257.877040939625 0.820127581438 0.572180697128
-123.449176861438 -59.576118649443 -0.609942447061 -0.792445715032
