#Configurational_file created 2018-11-24 00:07:51  started 2018-11-24 00:07:45 run for 6.0s steps 0
name: f11
step: 1000000
specie: 11
	particle_diameter: 1.0000000000000000
	interaction_length: 1.2000000000000000
	number_of_patches: 6
	number_of_particles_per_compound: 1
	rod_length: 2.0000000000000000
	interaction_matrix:  1.000000 1.000000 1.000000 1.000000 1.000000 1.000000 1.000000 1.000000 1.000000 1.000000 1.000000 1.000000 1.000000 1.000000 1.000000 1.000000 1.000000 1.000000 1.000000 1.000000 1.000000 1.000000 1.000000 1.000000 1.000000 1.000000 1.000000 1.000000 1.000000 1.000000 1.000000 1.000000 1.000000 1.000000 1.000000 1.000000
	patch_type: symmetric
	patch_width: 8.0000000000000000
	patch_angle: 0.0000000000000000
	angles:  0.000000 0.000000 0.000000 0.000000 0.000000 0.000000
	grand_canonical: 0
	chemical_potential: -7.2000000000000002
box: 8.500000 8.500000
copy: 1.000000 1.000000
epsilon: 1.0000000000000000
end_epsilon: 0.0000000000000000
pressure: 1.0000000000000000
lambda: 1.0000000000000000
lambda_coupling: 1.0000000000000000
uy: 0.0000000000000000
maximum_displacement: 1.0000000000000000
maximum_rotation: 1.0000000000000000
maximum_volume: 0.0000001000000000
maximum_shape: 0.0000001000000000
maximum_dsigma: 0.0100000000000000
mod: 50
pmod: 200
optimize: 1
verbose: 1
snapshot: 1
display: 1
explore: 1
npt: 0
nptxy: 0
nptdxdy: 0
shape: 0
seed: 46
screen_geometry: 640.000000 640.000000
-31.773865947083 -142.969836927878 0.476424623092 0.879215319766
-31.350380998409 28.136268259942 0.747399537104 0.664374842944
114.895788220024 47.641596644676 -0.424959022852 -0.905212587681
-60.791491282762 121.447679395735 0.673305267212 -0.739364603660
363.039399941117 -145.347243945017 -0.778790953827 0.627283548515
-208.205331470547 -170.013064331266 -0.983366055770 0.181634799418
233.726429501019 -190.106751893826 -0.194657922956 0.980871190845
-98.849628140836 43.211072392312 -0.436702607719 -0.899605931734
137.925142693887 306.655019942476 -0.747369951188 0.664408124620
-24.201747427955 24.479932869237 0.992540901532 -0.121912094501
139.716740055844 5.510415667563 0.803277589931 0.595604829996
