#Configurational_file created 2018-11-24 00:07:51  started 2018-11-24 00:07:45 run for 6.0s steps 0
name: f12
step: 1000000
specie: 12
	particle_diameter: 1.0000000000000000
	interaction_length: 1.2000000000000000
	number_of_patches: 6
	number_of_particles_per_compound: 1
	rod_length: 2.0000000000000000
	interaction_matrix:  1.000000 1.000000 1.000000 1.000000 1.000000 1.000000 1.000000 1.000000 1.000000 1.000000 1.000000 1.000000 1.000000 1.000000 1.000000 1.000000 1.000000 1.000000 1.000000 1.000000 1.000000 1.000000 1.000000 1.000000 1.000000 1.000000 1.000000 1.000000 1.000000 1.000000 1.000000 1.000000 1.000000 1.000000 1.000000 1.000000
	patch_type: symmetric
	patch_width: 8.0000000000000000
	patch_angle: 0.0000000000000000
	angles:  0.000000 0.000000 0.000000 0.000000 0.000000 0.000000
	grand_canonical: 0
	chemical_potential: -7.2000000000000002
box: 8.500000 8.500000
copy: 1.000000 1.000000
epsilon: 1.0000000000000000
end_epsilon: 0.0000000000000000
pressure: 1.0000000000000000
lambda: 1.0000000000000000
lambda_coupling: 1.0000000000000000
uy: 0.0000000000000000
maximum_displacement: 1.0000000000000000
maximum_rotation: 1.0000000000000000
maximum_volume: 0.0000001000000000
maximum_shape: 0.0000001000000000
maximum_dsigma: 0.0100000000000000
mod: 50
pmod: 200
optimize: 1
verbose: 1
snapshot: 1
display: 1
explore: 1
npt: 0
nptxy: 0
nptdxdy: 0
shape: 0
seed: 46
screen_geometry: 640.000000 640.000000
-190.133079081548 -60.877445048545 -0.789139515225 0.614213989999
-152.500095922534 -178.293413532873 0.905775760403 -0.423757326623
-112.310987342577 -114.168818942357 -0.491176193136 0.871060243208
98.089218499603 69.024823645155 0.554032747954 0.832494873374
45.484878088602 -66.119965140596 -0.284636707428 0.958635459799
373.717022261276 40.675895870680 -0.998938872904 0.046055707576
-40.082023673431 -10.754849732849 -0.930521192914 -0.366238050368
-102.623166430388 -228.747258185921 -0.247517833216 -0.968883337786
-125.843547635818 206.553892335959 -0.959150734425 -0.282895508363
82.262115009981 34.881281306055 0.559967706171 0.828514434422
41.346262287834 117.548840849175 -0.740965327577 -0.671543284777
71.226258488609 -48.192619645608 -0.738750332089 0.673979188728
