#Configurational_file created 2018-11-24 00:08:00  started 2018-11-24 00:07:51 run for 9.0s steps 0
name: f13
step: 1000000
specie: 13
	particle_diameter: 1.0000000000000000
	interaction_length: 1.2000000000000000
	number_of_patches: 6
	number_of_particles_per_compound: 1
	rod_length: 2.0000000000000000
	interaction_matrix:  1.000000 1.000000 1.000000 1.000000 1.000000 1.000000 1.000000 1.000000 1.000000 1.000000 1.000000 1.000000 1.000000 1.000000 1.000000 1.000000 1.000000 1.000000 1.000000 1.000000 1.000000 1.000000 1.000000 1.000000 1.000000 1.000000 1.000000 1.000000 1.000000 1.000000 1.000000 1.000000 1.000000 1.000000 1.000000 1.000000
	patch_type: symmetric
	patch_width: 8.0000000000000000
	patch_angle: 0.0000000000000000
	angles:  0.000000 0.000000 0.000000 0.000000 0.000000 0.000000
	grand_canonical: 0
	chemical_potential: -7.2000000000000002
box: 8.500000 8.500000
copy: 1.000000 1.000000
epsilon: 1.0000000000000000
end_epsilon: 0.0000000000000000
pressure: 1.0000000000000000
lambda: 1.0000000000000000
lambda_coupling: 1.0000000000000000
uy: 0.0000000000000000
maximum_displacement: 1.0000000000000000
maximum_rotation: 1.0000000000000000
maximum_volume: 0.0000001000000000
maximum_shape: 0.0000001000000000
maximum_dsigma: 0.0100000000000000
mod: 50
pmod: 200
optimize: 1
verbose: 1
snapshot: 1
display: 1
explore: 1
npt: 0
nptxy: 0
nptdxdy: 0
shape: 0
seed: 46
screen_geometry: 640.000000 640.000000
-69.308565226425 -133.037769843913 0.705823814018 0.708387424765
59.373444429159 195.735342239714 0.983632217841 0.180187846496
-78.248264734505 56.542323545693 0.279414936650 0.960170450065
-41.954480443975 87.119323999038 -0.515300697677 0.857009446257
13.951853200344 -160.528891175748 0.766676304887 0.642033833629
206.949873257385 -198.492727281671 -0.883733465974 -0.467990556655
9.043219185388 11.133304831216 0.822363302655 -0.568962739066
-100.013018160764 -286.463037379353 -0.799065906786 0.601243442053
-62.331177086811 -37.150194444864 -0.951639915561 -0.307215675237
31.736578086733 151.780752704827 -0.831333368818 0.555774081701
183.344432299197 -175.280286690427 -0.057125997088 -0.998366976846
-150.360980427331 -172.724914128892 -0.295128816075 0.955457472587
75.252479462935 -139.729855495351 -0.664278165668 -0.747485463816
