#Configurational_file created 2018-11-24 00:08:00  started 2018-11-24 00:07:51 run for 9.0s steps 0
name: f14
step: 1000000
specie: 14
	particle_diameter: 1.0000000000000000
	interaction_length: 1.2000000000000000
	number_of_patches: 6
	number_of_particles_per_compound: 1
	rod_length: 2.0000000000000000
	interaction_matrix:  1.000000 1.000000 1.000000 1.000000 1.000000 1.000000 1.000000 1.000000 1.000000 1.000000 1.000000 1.000000 1.000000 1.000000 1.000000 1.000000 1.000000 1.000000 1.000000 1.000000 1.000000 1.000000 1.000000 1.000000 1.000000 1.000000 1.000000 1.000000 1.000000 1.000000 1.000000 1.000000 1.000000 1.000000 1.000000 1.000000
	patch_type: symmetric
	patch_width: 8.0000000000000000
	patch_angle: 0.0000000000000000
	angles:  0.000000 0.000000 0.000000 0.000000 0.000000 0.000000
	grand_canonical: 0
	chemical_potential: -7.2000000000000002
box: 8.500000 8.500000
copy: 1.000000 1.000000
epsilon: 1.0000000000000000
end_epsilon: 0.0000000000000000
pressure: 1.0000000000000000
lambda: 1.0000000000000000
lambda_coupling: 1.0000000000000000
uy: 0.0000000000000000
maximum_displacement: 1.0000000000000000
maximum_rotation: 1.0000000000000000
maximum_volume: 0.0000001000000000
maximum_shape: 0.0000001000000000
maximum_dsigma: 0.0100000000000000
mod: 50
pmod: 200
optimize: 1
verbose: 1
snapshot: 1
display: 1
explore: 1
npt: 0
nptxy: 0
nptdxdy: 0
shape: 0
seed: 46
screen_geometry: 640.000000 640.000000
215.794851114318 -194.796484377684 0.799876548393 0.600164566874
144.672586658525 151.481737168505 -0.943129255844 0.332426242603
37.204864440908 171.895790539946 -0.726842766771 -0.686803896606
-136.669148898307 -181.988043750722 0.154380506629 -0.988011467126
3.665810276735 -146.065748049206 0.998257415705 0.059009592360
31.252980779772 -74.689816079267 0.356922225460 0.934134104384
406.229158172811 -133.557566092167 0.482606565024 -0.875837258511
-84.692095575801 -105.291062658105 -0.999988728731 -0.004747884945
9.692071991323 -127.762944219084 0.913362382191 0.407147588471
146.932469509921 70.016694372884 0.847630629233 -0.530586766124
195.543801597539 75.799347910563 0.963989727176 0.265939477889
-45.542712892418 23.089349707270 0.986494498251 0.163794398320
-116.426486217944 -208.497139385152 -0.812937889312 -0.582350399777
103.417129387150 68.036312633263 0.701603989064 -0.712567079320
