#Configurational_file created 2018-11-24 00:08:00  started 2018-11-24 00:07:51 run for 9.0s steps 0
name: f15
step: 1000000
specie: 15
	particle_diameter: 1.0000000000000000
	interaction_length: 1.2000000000000000
	number_of_patches: 6
	number_of_particles_per_compound: 1
	rod_length: 2.0000000000000000
	interaction_matrix:  1.000000 1.000000 1.000000 1.000000 1.000000 1.000000 1.000000 1.000000 1.000000 1.000000 1.000000 1.000000 1.000000 1.000000 1.000000 1.000000 1.000000 1.000000 1.000000 1.000000 1.000000 1.000000 1.000000 1.000000 1.000000 1.000000 1.000000 1.000000 1.000000 1.000000 1.000000 1.000000 1.000000 1.000000 1.000000 1.000000
	patch_type: symmetric
	patch_width: 8.0000000000000000
	patch_angle: 0.0000000000000000
	angles:  0.000000 0.000000 0.000000 0.000000 0.000000 0.000000
	grand_canonical: 0
	chemical_potential: -7.2000000000000002
box: 8.500000 8.500000
copy: 1.000000 1.000000
epsilon: 1.0000000000000000
end_epsilon: 0.0000000000000000
pressure: 1.0000000000000000
lambda: 1.0000000000000000
lambda_coupling: 1.0000000000000000
uy: 0.0000000000000000
maximum_displacement: 1.0000000000000000
maximum_rotation: 1.0000000000000000
maximum_volume: 0.0000001000000000
maximum_shape: 0.0000001000000000
maximum_dsigma: 0.0100000000000000
mod: 50
pmod: 200
optimize: 1
verbose: 1
snapshot: 1
display: 1
explore: 1
npt: 0
nptxy: 0
nptdxdy: 0
shape: 0
seed: 46
screen_geometry: 640.000000 640.000000
10.990442178671 112.598549645461 -0.997069895705 -0.076495902360
-153.852219981345 57.611252019860 -0.492122647639 0.870525875365
14.798122818635 -93.995087840856 -0.096018373832 -0.995379561718
192.848494242282 117.597674687346 0.981658364211 -0.190648514223
-84.517489231110 -166.784483755634 -0.949671875464 0.313246434861
-63.736215661008 63.928670754882 -0.963176089062 -0.268871384604
41.302739206918 -79.528524554651 -0.430910448845 0.902394694730
18.028288735784 12.643385535535 0.879509494073 0.475881340079
116.858796043114 -79.944496869187 0.109232254387 0.994016254697
97.592610632249 -82.228044890757 0.506343818836 -0.862331686259
-62.654634197326 139.220672658033 -0.145127969610 0.989412892799
-40.001279875452 -68.173226330503 0.349445355577 0.936956745782
-52.614134349763 83.352701447014 0.299715138070 0.954028739615
-31.188106722671 -122.398518185508 0.980734566544 0.195345104840
-32.341879850134 73.046634266964 0.966190664539 0.257828624784
