#Configurational_file created 2018-11-24 00:08:00  started 2018-11-24 00:07:51 run for 9.0s steps 0
name: f16
step: 1000000
specie: 16
	particle_diameter: 1.0000000000000000
	interaction_length: 1.2000000000000000
	number_of_patches: 6
	number_of_particles_per_compound: 1
	rod_length: 2.0000000000000000
	interaction_matrix:  1.000000 1.000000 1.000000 1.000000 1.000000 1.000000 1.000000 1.000000 1.000000 1.000000 1.000000 1.000000 1.000000 1.000000 1.000000 1.000000 1.000000 1.000000 1.000000 1.000000 1.000000 1.000000 1.000000 1.000000 1.000000 1.000000 1.000000 1.000000 1.000000 1.000000 1.000000 1.000000 1.000000 1.000000 1.000000 1.000000
	patch_type: symmetric
	patch_width: 8.0000000000000000
	patch_angle: 0.0000000000000000
	angles:  0.000000 0.000000 0.000000 0.000000 0.000000 0.000000
	grand_canonical: 0
	chemical_potential: -7.2000000000000002
box: 8.500000 8.500000
copy: 1.000000 1.000000
epsilon: 1.0000000000000000
end_epsilon: 0.0000000000000000
pressure: 1.0000000000000000
lambda: 1.0000000000000000
lambda_coupling: 1.0000000000000000
uy: 0.0000000000000000
maximum_displacement: 1.0000000000000000
maximum_rotation: 1.0000000000000000
maximum_volume: 0.0000001000000000
maximum_shape: 0.0000001000000000
maximum_dsigma: 0.0100000000000000
mod: 50
pmod: 200
optimize: 1
verbose: 1
snapshot: 1
display: 1
explore: 1
npt: 0
nptxy: 0
nptdxdy: 0
shape: 0
seed: 46
screen_geometry: 640.000000 640.000000
34.419487973341 -27.940902414409 -0.970726956052 0.240185713134
111.459866849251 131.154057980846 -0.774413911816 -0.632679297263
-55.057417252742 -3.350661694356 -0.467226857560 -0.884137468708
96.984956592331 81.351450499278 0.966274478061 -0.257514335616
32.126805451847 116.116424757216 0.120913105948 -0.992663095320
-101.315701067281 -116.372070609216 -0.959095129400 -0.283083967687
-27.532951889571 176.259532949384 -0.645715699924 0.763577916700
-69.220456309623 84.580193176892 -0.698866301339 0.715252328100
-67.657007186463 27.321578128963 -0.463792256876 0.885943983817
-224.294279875327 -134.504797081211 -0.378709504265 -0.925515592186
92.084437486191 -254.514972939435 -0.988275508663 -0.152681102228
-47.848066796491 60.128646004260 -0.255230953519 0.966880116853
117.799215958428 -191.904672139669 0.981108861951 -0.193456457635
-66.099104629283 -204.268732512096 -0.092599221825 0.995703461939
-279.198151417871 -46.280702553798 0.999229416433 -0.039250138018
116.371868320588 -41.400745392263 -0.664631752042 0.747171087622
