#Configurational_file created 2018-11-24 00:08:08  started 2018-11-24 00:08:00 run for 8.0s steps 0
name: f17
step: 1000000
specie: 17
	particle_diameter: 1.0000000000000000
	interaction_length: 1.2000000000000000
	number_of_patches: 6
	number_of_particles_per_compound: 1
	rod_length: 2.0000000000000000
	interaction_matrix:  1.000000 1.000000 1.000000 1.000000 1.000000 1.000000 1.000000 1.000000 1.000000 1.000000 1.000000 1.000000 1.000000 1.000000 1.000000 1.000000 1.000000 1.000000 1.000000 1.000000 1.000000 1.000000 1.000000 1.000000 1.000000 1.000000 1.000000 1.000000 1.000000 1.000000 1.000000 1.000000 1.000000 1.000000 1.000000 1.000000
	patch_type: symmetric
	patch_width: 8.0000000000000000
	patch_angle: 0.0000000000000000
	angles:  0.000000 0.000000 0.000000 0.000000 0.000000 0.000000
	grand_canonical: 0
	chemical_potential: -7.2000000000000002
box: 8.500000 8.500000
copy: 1.000000 1.000000
epsilon: 1.0000000000000000
end_epsilon: 0.0000000000000000
pressure: 1.0000000000000000
lambda: 1.0000000000000000
lambda_coupling: 1.0000000000000000
uy: 0.0000000000000000
maximum_displacement: 1.0000000000000000
maximum_rotation: 1.0000000000000000
maximum_volume: 0.0000001000000000
maximum_shape: 0.0000001000000000
maximum_dsigma: 0.0100000000000000
mod: 50
pmod: 200
optimize: 1
verbose: 1
snapshot: 1
display: 1
explore: 1
npt: 0
nptxy: 0
nptdxdy: 0
shape: 0
seed: 46
screen_geometry: 640.000000 640.000000
-0.243985664192 -83.787652766714 0.839101336392 0.543975134785
-48.001704681772 84.075301237991 -0.468086909478 0.883682434575
60.428654154677 179.690759584270 -0.787090788725 -0.616837166767
93.910900816247 70.814306894577 0.472042771919 -0.881575647054
38.059164001809 -114.541196471252 0.400353094467 -0.916360954947
142.714863854917 -98.623424392729 0.783110796137 -0.621882208278
112.256116637775 55.351733156700 0.513820576523 0.857897671719
-33.850381359016 -112.461910500736 -0.195789504565 0.980645945233
117.354126879454 -108.576193102445 -0.787572444259 -0.616222074454
129.063694383212 -37.056187262088 -0.657236485551 0.753684418082
59.366255357325 -60.329584045673 -0.991061564516 0.133405304763
59.060716758160 139.351160267422 0.963466861968 -0.267827567458
-169.642564029654 43.624673820099 0.224675319827 -0.974433682023
6.007277240549 92.767287410844 0.645581076933 0.763691739582
-7.740176123422 -8.138936446674 0.957406536233 0.288743353825
-125.240172065912 9.685479455842 -0.320273780048 0.947325026490
21.887595136345 58.862833948988 0.963200148376 0.268785182198
