#Configurational_file created 2018-11-24 00:08:09  started 2018-11-24 00:08:00 run for 9.0s steps 0
name: f18
step: 1000000
specie: 18
	particle_diameter: 1.0000000000000000
	interaction_length: 1.2000000000000000
	number_of_patches: 6
	number_of_particles_per_compound: 1
	rod_length: 2.0000000000000000
	interaction_matrix:  1.000000 1.000000 1.000000 1.000000 1.000000 1.000000 1.000000 1.000000 1.000000 1.000000 1.000000 1.000000 1.000000 1.000000 1.000000 1.000000 1.000000 1.000000 1.000000 1.000000 1.000000 1.000000 1.000000 1.000000 1.000000 1.000000 1.000000 1.000000 1.000000 1.000000 1.000000 1.000000 1.000000 1.000000 1.000000 1.000000
	patch_type: symmetric
	patch_width: 8.0000000000000000
	patch_angle: 0.0000000000000000
	angles:  0.000000 0.000000 0.000000 0.000000 0.000000 0.000000
	grand_canonical: 0
	chemical_potential: -7.2000000000000002
box: 8.500000 8.500000
copy: 1.000000 1.000000
epsilon: 1.0000000000000000
end_epsilon: 0.0000000000000000
pressure: 1.0000000000000000
lambda: 1.0000000000000000
lambda_coupling: 1.0000000000000000
uy: 0.0000000000000000
maximum_displacement: 1.0000000000000000
maximum_rotation: 1.0000000000000000
maximum_volume: 0.0000001000000000
maximum_shape: 0.0000001000000000
maximum_dsigma: 0.0100000000000000
mod: 50
pmod: 200
optimize: 1
verbose: 1
snapshot: 1
display: 1
explore: 1
npt: 0
nptxy: 0
nptdxdy: 0
shape: 0
seed: 46
screen_geometry: 640.000000 640.000000
-8.787070445335 -47.165909610531 0.941960184228 -0.335724606382
-7.908983041308 139.438533716762 0.830500977741 -0.557017168471
41.010509206465 -34.358118607646 -0.515396172147 -0.856952032343
53.634297962524 52.602297853876 0.499617513497 -0.866246119880
-28.309545932942 250.488311951209 0.116460166520 -0.993195363266
78.208061518394 101.252094125479 -0.125037563626 0.992152008355
-13.325740282823 -17.541972020389 0.398198409249 0.917299311496
94.990430149907 -23.400601678082 0.989413707342 0.145122416335
-45.974415716194 201.894325569854 0.743208863892 -0.669059477649
-45.618618520439 -186.968457363806 -0.764322018840 0.644834747448
-126.340457796887 -104.763962969278 -0.958360669357 0.285560549499
161.882924854241 -141.203956312537 -0.900262066291 -0.435348380034
117.197790003744 78.865155018762 -0.241208298737 0.970473367291
143.654131736672 -36.408571575860 0.843565311489 0.537026596411
-105.974346179824 222.849592233425 -0.508684018132 0.860953291240
-101.557565205796 149.508469791560 0.867010731897 -0.498289464844
18.372512499368 -60.064289746978 0.833749230180 0.552143297681
-85.209267192169 -62.653878545333 -0.956232255750 -0.292608737161
