#Configurational_file created 2018-11-24 00:08:09  started 2018-11-24 00:08:00 run for 9.0s steps 0
name: f19
step: 1000000
specie: 19
	particle_diameter: 1.0000000000000000
	interaction_length: 1.2000000000000000
	number_of_patches: 6
	number_of_particles_per_compound: 1
	rod_length: 2.0000000000000000
	interaction_matrix:  1.000000 1.000000 1.000000 1.000000 1.000000 1.000000 1.000000 1.000000 1.000000 1.000000 1.000000 1.000000 1.000000 1.000000 1.000000 1.000000 1.000000 1.000000 1.000000 1.000000 1.000000 1.000000 1.000000 1.000000 1.000000 1.000000 1.000000 1.000000 1.000000 1.000000 1.000000 1.000000 1.000000 1.000000 1.000000 1.000000
	patch_type: symmetric
	patch_width: 8.0000000000000000
	patch_angle: 0.0000000000000000
	angles:  0.000000 0.000000 0.000000 0.000000 0.000000 0.000000
	grand_canonical: 0
	chemical_potential: -7.2000000000000002
box: 8.500000 8.500000
copy: 1.000000 1.000000
epsilon: 1.0000000000000000
end_epsilon: 0.0000000000000000
pressure: 1.0000000000000000
lambda: 1.0000000000000000
lambda_coupling: 1.0000000000000000
uy: 0.0000000000000000
maximum_displacement: 1.0000000000000000
maximum_rotation: 1.0000000000000000
maximum_volume: 0.0000001000000000
maximum_shape: 0.0000001000000000
maximum_dsigma: 0.0100000000000000
mod: 50
pmod: 200
optimize: 1
verbose: 1
snapshot: 1
display: 1
explore: 1
npt: 0
nptxy: 0
nptdxdy: 0
shape: 0
seed: 46
screen_geometry: 640.000000 640.000000
119.192737415854 -82.415677693303 -0.728728467376 0.684802760534
-8.421556312116 15.247345217049 0.999004031815 -0.044620000185
142.044320931291 84.770560021765 0.989846167964 -0.142142758408
18.366871505734 76.427546856649 0.973049346087 -0.230596986276
-47.107320192041 -103.893485806610 -0.995766105989 -0.091923131823
9.304218812001 -84.845138046117 -0.620063969603 -0.784551256197
-81.264313036990 50.698789783807 0.145570143521 -0.989347933396
49.355068407783 23.952284643323 -0.199573358387 -0.979882888218
14.070691584879 -0.416051157357 -0.403774420872 -0.914858577623
-143.952858142764 114.221021277027 0.651455211190 -0.758687094798
-28.442934540947 -124.616860366084 -0.190660236117 -0.981656087621
-75.624054918881 -86.378522766550 -0.358658170642 -0.933468969293
62.417348572729 76.304592561735 0.348048154784 -0.937476656750
76.021057696834 8.322041851849 -0.500019531272 0.866014127106
75.050365475743 91.424874203663 0.417961233820 0.908464862845
-18.933799757228 76.209123533880 -0.484747132520 -0.874654341734
25.205061308274 -31.556447314030 0.964142317894 -0.265385739719
-140.652702126954 -81.312317333732 0.343392660506 -0.939191929645
85.356213536927 149.933285633298 -0.678026541459 0.735037420188
