#Configurational_file created 2018-11-24 00:08:09  started 2018-11-24 00:08:00 run for 9.0s steps 0
name: f20
step: 1000000
specie: 20
	particle_diameter: 1.0000000000000000
	interaction_length: 1.2000000000000000
	number_of_patches: 6
	number_of_particles_per_compound: 1
	rod_length: 2.0000000000000000
	interaction_matrix:  1.000000 1.000000 1.000000 1.000000 1.000000 1.000000 1.000000 1.000000 1.000000 1.000000 1.000000 1.000000 1.000000 1.000000 1.000000 1.000000 1.000000 1.000000 1.000000 1.000000 1.000000 1.000000 1.000000 1.000000 1.000000 1.000000 1.000000 1.000000 1.000000 1.000000 1.000000 1.000000 1.000000 1.000000 1.000000 1.000000
	patch_type: symmetric
	patch_width: 8.0000000000000000
	patch_angle: 0.0000000000000000
	angles:  0.000000 0.000000 0.000000 0.000000 0.000000 0.000000
	grand_canonical: 0
	chemical_potential: -7.2000000000000002
box: 8.500000 8.500000
copy: 1.000000 1.000000
epsilon: 1.0000000000000000
end_epsilon: 0.0000000000000000
pressure: 1.0000000000000000
lambda: 1.0000000000000000
lambda_coupling: 1.0000000000000000
uy: 0.0000000000000000
maximum_displacement: 1.0000000000000000
maximum_rotation: 1.0000000000000000
maximum_volume: 0.0000001000000000
maximum_shape: 0.0000001000000000
maximum_dsigma: 0.0100000000000000
mod: 50
pmod: 200
optimize: 1
verbose: 1
snapshot: 1
display: 1
explore: 1
npt: 0
nptxy: 0
nptdxdy: 0
shape: 0
seed: 46
screen_geometry: 640.000000 640.000000
-94.487367295428 -296.476256399324 0.999383073873 -0.035120815136
-37.946468247771 68.210097989330 -0.659197435398 -0.751969907087
-65.795494306054 -82.791332434087 0.773904918263 -0.633301806004
79.198338751918 56.236651121325 0.786748613904 -0.617273536223
99.360158172067 -67.998945423482 0.697323183998 0.716756846537
-8.479690334879 28.543937615378 0.349351155658 -0.936991872985
4.186162971814 22.735036641139 -0.719758089170 0.694224958551
49.071366212614 -13.302995949161 -0.435886677309 -0.900001558079
91.667414544577 68.717914089357 0.075790809932 0.997123740129
211.081973351823 -69.915412259434 -0.596888745543 -0.802324015248
-23.929140267059 118.446438000946 -0.280983524754 -0.959712591778
206.876493309787 -97.350411494607 0.272195771266 0.962241893759
134.213552453763 7.766713687553 0.394539630355 0.918878925691
85.243706363469 21.588476489872 0.086926941883 -0.996214689098
105.365442218837 101.902623589160 0.702276732041 0.711904060695
109.293753062682 122.082170778360 0.094968191030 0.995480307536
97.588521720774 -3.641007973150 -0.409139387372 0.912471896389
0.312839545602 83.535549369441 -0.344382778169 -0.938829325331
-11.678718957749 45.770846705330 -0.668663417014 -0.743565218893
82.613113674530 -31.496966998651 0.950713912391 -0.310069438654
