#Configurational_file created 2018-11-24 00:08:18  started 2018-11-24 00:08:09 run for 9.0s steps 0
name: f21
step: 1000000
specie: 21
	particle_diameter: 1.0000000000000000
	interaction_length: 1.2000000000000000
	number_of_patches: 6
	number_of_particles_per_compound: 1
	rod_length: 2.0000000000000000
	interaction_matrix:  1.000000 1.000000 1.000000 1.000000 1.000000 1.000000 1.000000 1.000000 1.000000 1.000000 1.000000 1.000000 1.000000 1.000000 1.000000 1.000000 1.000000 1.000000 1.000000 1.000000 1.000000 1.000000 1.000000 1.000000 1.000000 1.000000 1.000000 1.000000 1.000000 1.000000 1.000000 1.000000 1.000000 1.000000 1.000000 1.000000
	patch_type: symmetric
	patch_width: 8.0000000000000000
	patch_angle: 0.0000000000000000
	angles:  0.000000 0.000000 0.000000 0.000000 0.000000 0.000000
	grand_canonical: 0
	chemical_potential: -7.2000000000000002
box: 8.500000 8.500000
copy: 1.000000 1.000000
epsilon: 1.0000000000000000
end_epsilon: 0.0000000000000000
pressure: 1.0000000000000000
lambda: 1.0000000000000000
lambda_coupling: 1.0000000000000000
uy: 0.0000000000000000
maximum_displacement: 1.0000000000000000
maximum_rotation: 1.0000000000000000
maximum_volume: 0.0000001000000000
maximum_shape: 0.0000001000000000
maximum_dsigma: 0.0100000000000000
mod: 50
pmod: 200
optimize: 1
verbose: 1
snapshot: 1
display: 1
explore: 1
npt: 0
nptxy: 0
nptdxdy: 0
shape: 0
seed: 46
screen_geometry: 640.000000 640.000000
-74.248583824863 -180.011027897407 -0.968572674566 0.248730726057
9.171750999401 154.072150894046 -0.902420629896 0.430856132297
-0.518190799861 141.790982025054 0.251003889622 0.967986078100
-1.575615516236 1.569939661046 -0.847267786082 -0.531165980338
277.839280029195 -19.165062847971 0.902871429132 0.429910667995
-57.640081019572 95.418418428235 0.995851510552 0.090993235637
9.033647533936 65.269712760978 -0.900192133575 0.435492965097
-84.742906627142 97.341322739458 -0.784434188379 0.620212063815
117.731203775051 121.858953626429 0.790160788776 0.612899606690
-78.623294917382 21.321545219095 0.981968285116 0.189045727344
-39.826927512747 95.471144894799 -0.173926719951 0.984758597874
-109.424708432879 -103.342761626847 -0.495951870132 -0.868350011523
29.920679121185 -65.576134482132 0.784467008666 0.620170550989
50.239246123362 -46.079849911070 -0.316731254439 -0.948515320098
-43.947082003944 126.832219711627 -0.897839786751 0.440322288020
17.661697733555 1.423546200227 0.581528379416 0.813526117548
200.588908785368 87.405964319921 -0.239800070063 0.970822293933
-10.564385378603 -34.324626490392 -0.316806945983 -0.948490041580
38.150900797319 4.007068359539 0.690227591038 -0.723592338661
-66.951288251149 -42.171322291378 0.634321658316 0.773069229624
72.177334729871 14.339335736840 -0.075548033077 -0.997142163735
