#Configurational_file created 2018-11-24 00:08:18  started 2018-11-24 00:08:09 run for 9.0s steps 0
name: f22
step: 1000000
specie: 22
	particle_diameter: 1.0000000000000000
	interaction_length: 1.2000000000000000
	number_of_patches: 6
	number_of_particles_per_compound: 1
	rod_length: 2.0000000000000000
	interaction_matrix:  1.000000 1.000000 1.000000 1.000000 1.000000 1.000000 1.000000 1.000000 1.000000 1.000000 1.000000 1.000000 1.000000 1.000000 1.000000 1.000000 1.000000 1.000000 1.000000 1.000000 1.000000 1.000000 1.000000 1.000000 1.000000 1.000000 1.000000 1.000000 1.000000 1.000000 1.000000 1.000000 1.000000 1.000000 1.000000 1.000000
	patch_type: symmetric
	patch_width: 8.0000000000000000
	patch_angle: 0.0000000000000000
	angles:  0.000000 0.000000 0.000000 0.000000 0.000000 0.000000
	grand_canonical: 0
	chemical_potential: -7.2000000000000002
box: 8.500000 8.500000
copy: 1.000000 1.000000
epsilon: 1.0000000000000000
end_epsilon: 0.0000000000000000
pressure: 1.0000000000000000
lambda: 1.0000000000000000
lambda_coupling: 1.0000000000000000
uy: 0.0000000000000000
maximum_displacement: 1.0000000000000000
maximum_rotation: 1.0000000000000000
maximum_volume: 0.0000001000000000
maximum_shape: 0.0000001000000000
maximum_dsigma: 0.0100000000000000
mod: 50
pmod: 200
optimize: 1
verbose: 1
snapshot: 1
display: 1
explore: 1
npt: 0
nptxy: 0
nptdxdy: 0
shape: 0
seed: 46
screen_geometry: 640.000000 640.000000
-107.980483322684 -40.242615213553 -0.977830776607 0.209396686508
40.989507707674 104.772424822044 -0.891153444231 -0.453702037503
44.686187819580 -53.969902330864 -0.538490843941 0.842631361268
-129.359414678915 -46.930181237636 0.242998261861 -0.970026723721
66.995062998329 16.507027133185 0.505973992235 -0.862548734380
14.486138404473 143.117734598779 -0.978650774145 0.205530197939
3.064446289980 -166.134275255875 -0.999842606096 0.017741562363
77.313361478814 -101.862252600495 -0.997436063778 0.071563249478
12.449401919676 -68.474338006352 0.971915909266 0.235328420119
104.734262828678 -9.869611266531 0.930636008682 0.365946197336
139.322720162569 -82.923754705993 0.129511368737 0.991577937112
-23.403870987463 -251.269113982535 -0.987746498646 0.156066826755
49.922713017940 -48.203494370220 0.939631850911 -0.342187061056
4.029080745170 -93.609603490149 -0.219348521585 -0.975646568219
57.124420643989 -10.492945813780 0.741361994446 -0.671105351782
68.508556126472 -79.594047690972 -0.380119180398 -0.924937516102
20.442988846316 -63.102737266417 -0.684536311953 -0.728978763489
238.338815350403 -15.898989794996 -0.460776746954 0.887516078427
-139.115630176222 5.174793126511 -0.134739332881 -0.990881078725
-16.213719864011 -64.414958240815 -0.948010640425 -0.318238630027
-4.608659361952 -122.510171512089 -0.916450128947 0.400148923718
170.087145083097 9.116386366385 0.690839010718 -0.723008617701
