#Configurational_file created 2018-11-24 00:08:18  started 2018-11-24 00:08:09 run for 9.0s steps 0
name: f23
step: 1000000
specie: 23
	particle_diameter: 1.0000000000000000
	interaction_length: 1.2000000000000000
	number_of_patches: 6
	number_of_particles_per_compound: 1
	rod_length: 2.0000000000000000
	interaction_matrix:  1.000000 1.000000 1.000000 1.000000 1.000000 1.000000 1.000000 1.000000 1.000000 1.000000 1.000000 1.000000 1.000000 1.000000 1.000000 1.000000 1.000000 1.000000 1.000000 1.000000 1.000000 1.000000 1.000000 1.000000 1.000000 1.000000 1.000000 1.000000 1.000000 1.000000 1.000000 1.000000 1.000000 1.000000 1.000000 1.000000
	patch_type: symmetric
	patch_width: 8.0000000000000000
	patch_angle: 0.0000000000000000
	angles:  0.000000 0.000000 0.000000 0.000000 0.000000 0.000000
	grand_canonical: 0
	chemical_potential: -7.2000000000000002
box: 8.500000 8.500000
copy: 1.000000 1.000000
epsilon: 1.0000000000000000
end_epsilon: 0.0000000000000000
pressure: 1.0000000000000000
lambda: 1.0000000000000000
lambda_coupling: 1.0000000000000000
uy: 0.0000000000000000
maximum_displacement: 1.0000000000000000
maximum_rotation: 1.0000000000000000
maximum_volume: 0.0000001000000000
maximum_shape: 0.0000001000000000
maximum_dsigma: 0.0100000000000000
mod: 50
pmod: 200
optimize: 1
verbose: 1
snapshot: 1
display: 1
explore: 1
npt: 0
nptxy: 0
nptdxdy: 0
shape: 0
seed: 46
screen_geometry: 640.000000 640.000000
36.332060060485 105.457909621546 0.459920101964 -0.887960303060
-29.942929336997 -45.630479377321 -0.812650711675 -0.582751079634
-100.373897367899 74.944200909210 0.987899366396 0.155096234238
-42.750200843788 62.424400458103 -0.051278430209 -0.998684395891
-22.255249539969 -70.403261179378 0.998318712344 0.057963338271
-13.233078031108 77.959120211942 -0.401835341351 -0.915711940755
-136.583510439398 -24.656916374150 -0.904970889581 -0.425473488024
28.318730626147 51.196787297906 -0.324248517830 0.945971933350
127.793481123848 18.250498436403 0.899588604112 -0.436738300762
-56.009885587644 -99.209066532623 -0.147194754456 -0.989107529170
23.807890001059 -53.819848742915 0.723636020609 -0.690181794657
269.505644480630 -8.504372971895 0.872241521162 -0.489075381471
33.301363266233 -42.101805752968 0.818906936218 0.573926327863
18.755838893304 0.956769538351 -0.762035735007 0.647534970926
-85.591179956169 41.827384010353 -0.212224553003 0.977220926456
-116.223145124992 -184.443400438579 0.541091363623 0.840963813854
-58.253585134143 67.081525444753 -0.974007732495 0.226514761195
41.442176313066 56.190094552053 0.902125587310 0.431473550430
-86.820018578385 -73.795377282179 -0.873590941740 -0.486660935878
-144.163105276427 60.678961305637 -0.867539923173 0.497367551919
-80.602252959832 61.574525644431 -0.986674262991 -0.162708016861
-149.454077121028 10.001674364623 -0.597512424907 0.801859652359
-78.692398932143 -3.850811525427 -0.232994153549 0.972478135699
