#Configurational_file created 2018-11-24 00:08:18  started 2018-11-24 00:08:09 run for 9.0s steps 0
name: f24
step: 1000000
specie: 24
	particle_diameter: 1.0000000000000000
	interaction_length: 1.2000000000000000
	number_of_patches: 6
	number_of_particles_per_compound: 1
	rod_length: 2.0000000000000000
	interaction_matrix:  1.000000 1.000000 1.000000 1.000000 1.000000 1.000000 1.000000 1.000000 1.000000 1.000000 1.000000 1.000000 1.000000 1.000000 1.000000 1.000000 1.000000 1.000000 1.000000 1.000000 1.000000 1.000000 1.000000 1.000000 1.000000 1.000000 1.000000 1.000000 1.000000 1.000000 1.000000 1.000000 1.000000 1.000000 1.000000 1.000000
	patch_type: symmetric
	patch_width: 8.0000000000000000
	patch_angle: 0.0000000000000000
	angles:  0.000000 0.000000 0.000000 0.000000 0.000000 0.000000
	grand_canonical: 0
	chemical_potential: -7.2000000000000002
box: 8.500000 8.500000
copy: 1.000000 1.000000
epsilon: 1.0000000000000000
end_epsilon: 0.0000000000000000
pressure: 1.0000000000000000
lambda: 1.0000000000000000
lambda_coupling: 1.0000000000000000
uy: 0.0000000000000000
maximum_displacement: 1.0000000000000000
maximum_rotation: 1.0000000000000000
maximum_volume: 0.0000001000000000
maximum_shape: 0.0000001000000000
maximum_dsigma: 0.0100000000000000
mod: 50
pmod: 200
optimize: 1
verbose: 1
snapshot: 1
display: 1
explore: 1
npt: 0
nptxy: 0
nptdxdy: 0
shape: 0
seed: 46
screen_geometry: 640.000000 640.000000
133.488492644705 21.426015187242 -0.252556944982 -0.967582032461
116.517392567125 -34.700355550278 -0.528110144449 0.849175880092
-9.220519039829 50.841119525458 0.149235950926 0.988801613546
152.207485609671 -27.667037234331 -0.988390856351 -0.151932600457
30.659701778038 -6.483629225515 -0.591772221809 0.806105227309
124.139757128033 -65.524372421720 0.864786949245 0.502138957277
-132.052219334812 -69.899755344898 -0.510880715660 -0.859651612205
80.314754454974 -56.150454348219 0.744409030547 -0.667723891470
-91.781813720018 -38.891558730524 0.807195860851 0.590283696391
20.355033974395 89.857501310494 -0.075860404761 -0.997118447823
60.452533108095 -65.579713185303 0.491022845364 0.871146695643
43.479121789813 84.353485065213 -0.341857769661 0.939751704081
-108.248914424292 -49.374019470065 0.319456224245 -0.947601034609
74.356631536424 131.046069678596 0.987259255346 0.159119963342
-160.540230288243 96.904946751857 -0.665048335950 -0.746800315245
-51.781968377738 34.601294491000 0.860533945988 -0.509393097522
132.442519596628 21.729253468296 -0.178472313826 -0.983944934027
36.753755596098 58.478257186932 0.412042297341 0.911164719028
104.330889031256 -31.819426366047 -0.856670637860 -0.515863759367
161.199958505729 -30.660371066239 0.289957280125 0.957039589412
53.166142361555 41.571200775728 -0.942437036124 0.334383661296
-81.681008102502 255.261994007303 -0.181664907713 -0.983360494074
100.124680452439 -163.753050982723 -0.701540621666 0.712629466239
-111.272113900306 -77.094937025388 -0.988800331671 -0.149244444074
