#Configurational_file created 2018-11-24 00:08:27  started 2018-11-24 00:08:18 run for 9.0s steps 0
name: f25
step: 1000000
specie: 25
	particle_diameter: 1.0000000000000000
	interaction_length: 1.2000000000000000
	number_of_patches: 6
	number_of_particles_per_compound: 1
	rod_length: 2.0000000000000000
	interaction_matrix:  1.000000 1.000000 1.000000 1.000000 1.000000 1.000000 1.000000 1.000000 1.000000 1.000000 1.000000 1.000000 1.000000 1.000000 1.000000 1.000000 1.000000 1.000000 1.000000 1.000000 1.000000 1.000000 1.000000 1.000000 1.000000 1.000000 1.000000 1.000000 1.000000 1.000000 1.000000 1.000000 1.000000 1.000000 1.000000 1.000000
	patch_type: symmetric
	patch_width: 8.0000000000000000
	patch_angle: 0.0000000000000000
	angles:  0.000000 0.000000 0.000000 0.000000 0.000000 0.000000
	grand_canonical: 0
	chemical_potential: -7.2000000000000002
box: 8.500000 8.500000
copy: 1.000000 1.000000
epsilon: 1.0000000000000000
end_epsilon: 0.0000000000000000
pressure: 1.0000000000000000
lambda: 1.0000000000000000
lambda_coupling: 1.0000000000000000
uy: 0.0000000000000000
maximum_displacement: 1.0000000000000000
maximum_rotation: 1.0000000000000000
maximum_volume: 0.0000001000000000
maximum_shape: 0.0000001000000000
maximum_dsigma: 0.0100000000000000
mod: 50
pmod: 200
optimize: 1
verbose: 1
snapshot: 1
display: 1
explore: 1
npt: 0
nptxy: 0
nptdxdy: 0
shape: 0
seed: 46
screen_geometry: 640.000000 640.000000
52.042175039404 -4.042979300397 -0.996657913313 0.081688455917
-140.345080621037 -86.721888270945 -0.183775453349 -0.982968251139
-44.093704760654 -0.632980078643 0.397412306846 0.917640157343
105.510802727733 124.956240654778 0.629251282556 0.777201919325
-45.961947469239 91.183867109977 -0.148860839254 -0.988858154912
3.429842024536 47.268785976743 -0.095392157012 0.995439770343
15.627466487181 -42.514969088847 0.998913776962 0.046596847492
96.361519231027 56.268506056897 0.487545030551 -0.873097842847
2.256852222748 134.795963244856 -0.943187960429 0.332259644406
-53.354121598865 36.715430187180 -0.953613198459 -0.301034661998
161.812630752679 -16.634769334923 0.349160040901 0.937063106646
52.992029412510 -8.285281842277 0.309394660339 0.950933722272
131.468347483553 -56.847567724009 0.484225358949 0.874943313450
144.351047926028 44.627148951724 -0.915340904409 -0.402679809173
82.139740021598 53.313872137295 0.334688924441 -0.942328670824
-25.823472996703 -58.682051466370 0.156992306853 -0.987599825632
-4.912763902034 92.400081886471 0.586078711989 -0.810254122701
-36.673483040128 -22.250484554934 0.220682363454 -0.975345730734
77.971663019055 -58.230257073792 -0.313286932370 -0.949658516524
44.689721156947 -6.001139120096 -0.970825788035 -0.239785923870
80.030185474200 -11.787628410451 -0.959057609740 -0.283211054161
20.050558995649 -23.911319723456 0.672714708891 0.739901966778
40.703137936988 3.151690240991 0.679067561628 0.734075777250
159.224541817772 -101.192332071853 0.682658856414 -0.730737220729
0.150361469310 -126.010913530054 0.406721448587 0.913552222513
