#Configurational_file created 2018-11-24 00:08:27  started 2018-11-24 00:08:18 run for 9.0s steps 0
name: f26
step: 1000000
specie: 26
	particle_diameter: 1.0000000000000000
	interaction_length: 1.2000000000000000
	number_of_patches: 6
	number_of_particles_per_compound: 1
	rod_length: 2.0000000000000000
	interaction_matrix:  1.000000 1.000000 1.000000 1.000000 1.000000 1.000000 1.000000 1.000000 1.000000 1.000000 1.000000 1.000000 1.000000 1.000000 1.000000 1.000000 1.000000 1.000000 1.000000 1.000000 1.000000 1.000000 1.000000 1.000000 1.000000 1.000000 1.000000 1.000000 1.000000 1.000000 1.000000 1.000000 1.000000 1.000000 1.000000 1.000000
	patch_type: symmetric
	patch_width: 8.0000000000000000
	patch_angle: 0.0000000000000000
	angles:  0.000000 0.000000 0.000000 0.000000 0.000000 0.000000
	grand_canonical: 0
	chemical_potential: -7.2000000000000002
box: 8.500000 8.500000
copy: 1.000000 1.000000
epsilon: 1.0000000000000000
end_epsilon: 0.0000000000000000
pressure: 1.0000000000000000
lambda: 1.0000000000000000
lambda_coupling: 1.0000000000000000
uy: 0.0000000000000000
maximum_displacement: 1.0000000000000000
maximum_rotation: 1.0000000000000000
maximum_volume: 0.0000001000000000
maximum_shape: 0.0000001000000000
maximum_dsigma: 0.0100000000000000
mod: 50
pmod: 200
optimize: 1
verbose: 1
snapshot: 1
display: 1
explore: 1
npt: 0
nptxy: 0
nptdxdy: 0
shape: 0
seed: 46
screen_geometry: 640.000000 640.000000
-45.824669833212 -81.493153010302 -0.595922668645 0.803041825184
-47.696582939257 87.891642667746 0.476732786318 0.879048264004
-17.235287678143 -7.834226151466 0.950874915739 0.309575345624
204.235874902145 55.655137039397 0.820118526023 -0.572193676367
20.325810989793 -3.101933812213 0.077877320156 0.996962949665
-87.805728676418 14.703695457868 -0.181764872315 0.983342021472
52.384189484245 120.471835406558 0.902609893080 -0.430459499738
22.478514754779 13.363185059345 0.401737910678 0.915754689382
81.242022355906 51.460598371261 0.437548416717 0.899194852648
-26.803363945810 -2.872217160742 0.362317751363 0.932054637372
-53.108838239929 -31.734207916456 -0.071084067232 0.997470328073
-85.447919100767 -87.042916923214 0.977055880326 0.212983113697
44.555813335936 -67.222832788495 0.558445134036 -0.829541459043
-49.577835269169 -34.667680581544 0.643628244923 0.765338279676
138.703054398759 -55.695380930448 -0.530775712103 0.847512326425
34.562102934947 40.449250797314 0.919423675589 -0.393268489413
-59.107492947087 120.796351632551 0.878999160141 -0.476823317877
-6.879897100737 58.296418009149 -0.464875490423 -0.885376066089
-40.100609993108 152.065986231976 -0.998876775232 -0.047383413791
5.894428266024 26.531393613345 0.996877059585 0.078969158995
46.943367670644 73.310257053340 -0.032447871048 -0.999473429194
12.849472041216 -38.183982851759 -0.131514054227 -0.991314306131
-67.623887946489 -162.600146193371 0.798084199864 -0.602545940097
1.323287507800 39.842204699147 -0.201170594745 0.979556221873
137.657725681236 -8.331223183664 0.849576612031 -0.527465240836
19.842349907855 115.665771606770 0.810819839539 -0.585295812226
