#Configurational_file created 2018-11-24 00:08:27  started 2018-11-24 00:08:18 run for 9.0s steps 0
name: f27
step: 1000000
specie: 27
	particle_diameter: 1.0000000000000000
	interaction_length: 1.2000000000000000
	number_of_patches: 6
	number_of_particles_per_compound: 1
	rod_length: 2.0000000000000000
	interaction_matrix:  1.000000 1.000000 1.000000 1.000000 1.000000 1.000000 1.000000 1.000000 1.000000 1.000000 1.000000 1.000000 1.000000 1.000000 1.000000 1.000000 1.000000 1.000000 1.000000 1.000000 1.000000 1.000000 1.000000 1.000000 1.000000 1.000000 1.000000 1.000000 1.000000 1.000000 1.000000 1.000000 1.000000 1.000000 1.000000 1.000000
	patch_type: symmetric
	patch_width: 8.0000000000000000
	patch_angle: 0.0000000000000000
	angles:  0.000000 0.000000 0.000000 0.000000 0.000000 0.000000
	grand_canonical: 0
	chemical_potential: -7.2000000000000002
box: 8.500000 8.500000
copy: 1.000000 1.000000
epsilon: 1.0000000000000000
end_epsilon: 0.0000000000000000
pressure: 1.0000000000000000
lambda: 1.0000000000000000
lambda_coupling: 1.0000000000000000
uy: 0.0000000000000000
maximum_displacement: 1.0000000000000000
maximum_rotation: 1.0000000000000000
maximum_volume: 0.0000001000000000
maximum_shape: 0.0000001000000000
maximum_dsigma: 0.0100000000000000
mod: 50
pmod: 200
optimize: 1
verbose: 1
snapshot: 1
display: 1
explore: 1
npt: 0
nptxy: 0
nptdxdy: 0
shape: 0
seed: 46
screen_geometry: 640.000000 640.000000
13.244189998220 53.508447071730 0.663730908976 0.747971443619
-134.039408313283 -43.656874624496 0.421650256018 0.906758546472
-97.149333401004 -33.347371057338 -0.326121144530 -0.945327984929
75.758721201484 -108.667533964260 0.606525656171 0.795063914668
-107.014905784503 42.277457483249 0.897996490439 -0.440002617218
38.425332837515 40.196206397766 0.304192691081 0.952610522036
51.771181502401 23.156926247557 0.977654095727 -0.210220049255
35.035405263217 45.234008272043 -0.900286725515 0.435297383247
-128.104959118075 38.919158308656 0.478408857225 0.878137213269
26.092011952460 -58.903233950867 -0.537401472306 0.843326542665
-130.256467276504 66.046943223221 0.819559512390 0.572994071219
-111.287725946824 -68.237299405301 -0.888526555715 -0.458825195242
-46.280272097781 44.389040868702 0.401035342631 -0.916062581902
32.559941682700 -139.792596377129 -0.614862702224 -0.788634172106
-22.652415258410 -141.622760354226 0.898518507169 -0.438935635686
-17.978349084638 33.317002581394 0.574222036572 0.818699610795
185.059655776614 -101.893645116997 0.786212831748 -0.617955810066
-92.888793555972 200.613366356399 0.887254968715 0.461279330223
114.591547118560 7.277571029133 0.928763743977 0.370672237798
-38.068608151494 84.759298472666 0.447604724729 -0.894231519463
-25.538908340456 -5.594892463300 0.148369110049 0.988932053876
39.473920855070 32.055738511384 -0.044069307352 -0.999028476145
-58.138238677085 -80.174528871079 0.782492711247 -0.622659744038
-62.617598426023 -64.302304794149 -0.998722925368 -0.050522453856
1.716496287444 48.514831119782 -0.512021193770 0.858972815129
30.114436453177 3.568315526885 -0.884124068035 0.467252214892
-61.907762228667 -46.574629550552 -0.035127930184 -0.999382823807
