#Configurational_file created 2018-11-24 00:08:28  started 2018-11-24 00:08:18 run for 10.0s steps 0
name: f28
step: 1000000
specie: 28
	particle_diameter: 1.0000000000000000
	interaction_length: 1.2000000000000000
	number_of_patches: 6
	number_of_particles_per_compound: 1
	rod_length: 2.0000000000000000
	interaction_matrix:  1.000000 1.000000 1.000000 1.000000 1.000000 1.000000 1.000000 1.000000 1.000000 1.000000 1.000000 1.000000 1.000000 1.000000 1.000000 1.000000 1.000000 1.000000 1.000000 1.000000 1.000000 1.000000 1.000000 1.000000 1.000000 1.000000 1.000000 1.000000 1.000000 1.000000 1.000000 1.000000 1.000000 1.000000 1.000000 1.000000
	patch_type: symmetric
	patch_width: 8.0000000000000000
	patch_angle: 0.0000000000000000
	angles:  0.000000 0.000000 0.000000 0.000000 0.000000 0.000000
	grand_canonical: 0
	chemical_potential: -7.2000000000000002
box: 8.500000 8.500000
copy: 1.000000 1.000000
epsilon: 1.0000000000000000
end_epsilon: 0.0000000000000000
pressure: 1.0000000000000000
lambda: 1.0000000000000000
lambda_coupling: 1.0000000000000000
uy: 0.0000000000000000
maximum_displacement: 1.0000000000000000
maximum_rotation: 1.0000000000000000
maximum_volume: 0.0000001000000000
maximum_shape: 0.0000001000000000
maximum_dsigma: 0.0100000000000000
mod: 50
pmod: 200
optimize: 1
verbose: 1
snapshot: 1
display: 1
explore: 1
npt: 0
nptxy: 0
nptdxdy: 0
shape: 0
seed: 46
screen_geometry: 640.000000 640.000000
47.900270858754 -55.237846690572 0.090973118819 -0.995853348467
-75.360038198182 9.663663916515 -0.738545524440 0.674203610439
52.562257233868 53.577645500800 0.980720147186 0.195417483616
191.920000314151 48.897814049387 -0.407341924039 -0.913275728858
-2.635171956953 122.568803722254 0.796195353669 0.605039634070
-101.180812412848 78.807383702661 -0.124955018447 0.992162407756
58.763839195240 43.310016935153 -0.693786108627 -0.720181112968
26.301975808923 112.937356924844 -0.996882172869 -0.078904584255
89.922169443532 -29.962312016236 -0.960237271924 0.279185210226
-3.425383509000 19.222135164596 0.959566944652 0.281480512168
-51.134410596337 24.306477370662 -0.997932876897 0.064264867604
31.790013381174 -63.256709498253 -0.674823325539 -0.737979321735
-50.365776943601 71.499180638275 0.074180322726 -0.997244844419
-26.078050127251 60.828368968191 0.937221642997 -0.348734271183
1.904510403673 -135.017327817000 -0.929121063729 -0.369775673800
118.671616445493 85.151029486056 0.824948551833 -0.565207826228
22.017759808049 -121.898515474000 0.922754422269 -0.385388474377
-0.014261098034 84.763796480365 -0.999963120258 0.008588254975
17.661814355062 58.386028155365 0.896262379727 -0.443524234610
29.986987618601 101.694570510677 0.387228072508 0.921983958571
-73.839712724236 -26.730203211997 -0.593755304653 -0.804645660025
39.739845837587 -45.256803456097 -0.577139603700 -0.816645503166
41.638660477861 -35.026752715166 0.950515567867 -0.310676930658
-175.266499914984 48.957564923154 -0.010466614989 0.999945223485
64.200510724259 27.845563546884 -0.601870530566 0.798593679186
-4.199132944586 44.004424478565 -0.363976933836 0.931407961978
60.767222801976 -4.571326502434 0.866192391093 0.499710657893
27.316712412188 49.564550589557 -0.798914149981 0.601445077260
