#Configurational_file created 2018-11-24 00:08:37  started 2018-11-24 00:08:28 run for 9.0s steps 0
name: f29
step: 1000000
specie: 29
	particle_diameter: 1.0000000000000000
	interaction_length: 1.2000000000000000
	number_of_patches: 6
	number_of_particles_per_compound: 1
	rod_length: 2.0000000000000000
	interaction_matrix:  1.000000 1.000000 1.000000 1.000000 1.000000 1.000000 1.000000 1.000000 1.000000 1.000000 1.000000 1.000000 1.000000 1.000000 1.000000 1.000000 1.000000 1.000000 1.000000 1.000000 1.000000 1.000000 1.000000 1.000000 1.000000 1.000000 1.000000 1.000000 1.000000 1.000000 1.000000 1.000000 1.000000 1.000000 1.000000 1.000000
	patch_type: symmetric
	patch_width: 8.0000000000000000
	patch_angle: 0.0000000000000000
	angles:  0.000000 0.000000 0.000000 0.000000 0.000000 0.000000
	grand_canonical: 0
	chemical_potential: -7.2000000000000002
box: 8.500000 8.500000
copy: 1.000000 1.000000
epsilon: 1.0000000000000000
end_epsilon: 0.0000000000000000
pressure: 1.0000000000000000
lambda: 1.0000000000000000
lambda_coupling: 1.0000000000000000
uy: 0.0000000000000000
maximum_displacement: 1.0000000000000000
maximum_rotation: 1.0000000000000000
maximum_volume: 0.0000001000000000
maximum_shape: 0.0000001000000000
maximum_dsigma: 0.0100000000000000
mod: 50
pmod: 200
optimize: 1
verbose: 1
snapshot: 1
display: 1
explore: 1
npt: 0
nptxy: 0
nptdxdy: 0
shape: 0
seed: 46
screen_geometry: 640.000000 640.000000
25.738010145790 101.954084873899 -0.499712060859 0.866191581714
66.054651791971 37.014135316393 -0.924417505959 0.381382058671
-99.059417403418 22.874038780733 -0.260317702256 -0.965523015724
128.913539353053 -0.570337205359 -0.431421914636 0.902150282143
-27.782417941295 -51.232113506913 -0.925066527957 -0.379805106407
-70.390013417414 30.686603833453 -0.461626626075 -0.887074325014
-16.443191992621 60.889539299297 0.296303234688 -0.955093918478
-16.566937185878 -34.538858836858 0.997626100722 -0.068863365861
-20.342683736185 -112.383835758328 0.792059999252 -0.610443246818
38.412995281273 25.350934991160 -0.758775021326 -0.651352797654
-31.177259778742 93.568753321328 -0.584032141995 -0.811730532330
-4.283731260234 -5.819847018158 0.951336341514 -0.308154450421
22.844189511083 -31.931401604748 0.229975286556 -0.973196469154
29.856594953545 54.032419705787 -0.557493596833 0.830181238941
20.749234278944 74.502161265520 -0.530454051339 0.847713689531
33.396822798398 -117.039448273451 0.648940391037 0.760839252984
-24.091919410004 13.613404142822 -0.953164120149 0.302453566786
94.774951949386 -23.697621452468 0.409221727394 0.912434971836
-8.023284197656 -63.713003122209 0.812217361806 0.583354915280
9.285922632731 108.598806189092 0.923289974993 0.384103660587
35.374024819129 42.840523957996 -0.937738860722 0.347341084659
94.519211181971 48.715977029113 -0.223744704041 0.974647786338
-5.383526086565 52.033602559675 0.999025909234 0.044127459472
-12.184349957205 -88.405136574006 -0.994660720979 -0.103199080141
-89.122584972678 93.313282778144 -0.898161300838 0.439666097939
5.060915106348 15.611542229985 -0.346095796083 0.938199179244
32.172707676567 25.926042060711 0.503236750505 -0.864148582676
-13.723379521969 -70.166592435275 0.938121670618 0.346305834657
-12.986412353636 -72.611439496653 -0.999875393257 -0.015786005145
