#Configurational_file created 2018-11-24 00:08:37  started 2018-11-24 00:08:28 run for 9.0s steps 0
name: f30
step: 1000000
specie: 30
	particle_diameter: 1.0000000000000000
	interaction_length: 1.2000000000000000
	number_of_patches: 6
	number_of_particles_per_compound: 1
	rod_length: 2.0000000000000000
	interaction_matrix:  1.000000 1.000000 1.000000 1.000000 1.000000 1.000000 1.000000 1.000000 1.000000 1.000000 1.000000 1.000000 1.000000 1.000000 1.000000 1.000000 1.000000 1.000000 1.000000 1.000000 1.000000 1.000000 1.000000 1.000000 1.000000 1.000000 1.000000 1.000000 1.000000 1.000000 1.000000 1.000000 1.000000 1.000000 1.000000 1.000000
	patch_type: symmetric
	patch_width: 8.0000000000000000
	patch_angle: 0.0000000000000000
	angles:  0.000000 0.000000 0.000000 0.000000 0.000000 0.000000
	grand_canonical: 0
	chemical_potential: -7.2000000000000002
box: 8.500000 8.500000
copy: 1.000000 1.000000
epsilon: 1.0000000000000000
end_epsilon: 0.0000000000000000
pressure: 1.0000000000000000
lambda: 1.0000000000000000
lambda_coupling: 1.0000000000000000
uy: 0.0000000000000000
maximum_displacement: 1.0000000000000000
maximum_rotation: 1.0000000000000000
maximum_volume: 0.0000001000000000
maximum_shape: 0.0000001000000000
maximum_dsigma: 0.0100000000000000
mod: 50
pmod: 200
optimize: 1
verbose: 1
snapshot: 1
display: 1
explore: 1
npt: 0
nptxy: 0
nptdxdy: 0
shape: 0
seed: 46
screen_geometry: 640.000000 640.000000
168.765540963519 1.412597411662 0.812951735310 0.582331070833
90.680349855203 -69.862872678179 -0.647864089810 0.761755945914
-103.504943204119 -19.057908406572 0.684074275273 -0.729412356565
-23.726150488835 20.897150450773 -0.981819912661 0.189814802116
-0.110854642035 56.477387668468 0.997968532238 0.063708780102
71.947970665132 44.851494785534 -0.424076385511 -0.905626423672
154.630976223957 21.448447521523 -0.194081968166 -0.980985315707
67.487987730333 65.056736490080 0.474551180445 -0.880227912042
3.896129788175 -54.071070258052 -0.495707840767 0.868489341674
109.938650515341 30.006683203950 0.986754974704 0.162217816216
84.580127506922 28.144274945960 -0.075408269486 -0.997152743010
69.904886551997 47.472451477946 0.402500454991 0.915419785526
13.688070364465 -14.211307598060 -0.865835186831 0.500329320793
-13.904168668922 30.387070513543 -0.012135608431 -0.999926360793
19.626778504936 105.279993394380 -0.162267650549 0.986746780884
60.222133748659 36.324120742846 0.176008955350 0.984388565373
-39.227856519643 -101.216972616285 -0.951304012613 0.308254238553
65.165215862141 -37.093663017183 -0.188410177325 0.982090426122
-93.736325600113 76.441382302644 0.766906762194 -0.641758535667
-57.756226795911 24.008976384754 0.442078428644 -0.896976400430
89.555805837753 14.964312617914 -0.654085414492 0.756420696801
113.034942010245 -84.715609794420 -0.204984987517 0.978765117325
43.497486907898 -20.748664703260 0.778239620592 -0.627967429841
-11.031625177536 43.751891782320 0.635786075430 0.771865316159
213.702193642641 -74.779383756789 -0.469742866597 -0.882803284589
19.091696748447 -126.121368377750 -0.148901620757 0.988852014882
78.424824327749 -18.280700290048 0.674656812787 0.738131549901
57.840093626123 42.852828950157 -0.486765836276 0.873532495465
51.669488096937 62.899666629761 0.327730108962 0.944771388051
-0.137393065992 32.468434686483 -0.152300084281 -0.988334297861
