#Configurational_file created 2018-11-24 00:08:37  started 2018-11-24 00:08:28 run for 9.0s steps 0
name: f31
step: 1000000
specie: 31
	particle_diameter: 1.0000000000000000
	interaction_length: 1.2000000000000000
	number_of_patches: 6
	number_of_particles_per_compound: 1
	rod_length: 2.0000000000000000
	interaction_matrix:  1.000000 1.000000 1.000000 1.000000 1.000000 1.000000 1.000000 1.000000 1.000000 1.000000 1.000000 1.000000 1.000000 1.000000 1.000000 1.000000 1.000000 1.000000 1.000000 1.000000 1.000000 1.000000 1.000000 1.000000 1.000000 1.000000 1.000000 1.000000 1.000000 1.000000 1.000000 1.000000 1.000000 1.000000 1.000000 1.000000
	patch_type: symmetric
	patch_width: 8.0000000000000000
	patch_angle: 0.0000000000000000
	angles:  0.000000 0.000000 0.000000 0.000000 0.000000 0.000000
	grand_canonical: 0
	chemical_potential: -7.2000000000000002
box: 8.500000 8.500000
copy: 1.000000 1.000000
epsilon: 1.0000000000000000
end_epsilon: 0.0000000000000000
pressure: 1.0000000000000000
lambda: 1.0000000000000000
lambda_coupling: 1.0000000000000000
uy: 0.0000000000000000
maximum_displacement: 0.9970795327252361
maximum_rotation: 1.0000000000000000
maximum_volume: 0.0000001000000000
maximum_shape: 0.0000001000000000
maximum_dsigma: 0.0100000000000000
mod: 50
pmod: 200
optimize: 1
verbose: 1
snapshot: 1
display: 1
explore: 1
npt: 0
nptxy: 0
nptdxdy: 0
shape: 0
seed: 46
screen_geometry: 640.000000 640.000000
73.539233738143 -38.383239815918 0.828543031982 0.559925391596
-3.107671620318 59.005116040468 -0.038683603062 0.999251509308
48.687193947166 -29.372948876392 -0.705898044579 -0.708313455088
5.622250884861 33.664674394696 -0.826996386551 0.562207236374
36.063233527729 -0.747531301947 0.615545598489 0.788101272795
58.006118866877 41.479741183593 -0.730060524800 -0.683382491822
33.450074023796 76.999980590764 0.355550753218 -0.934656975519
122.558459011254 67.011069991187 -0.339908791378 0.940458406068
-95.965280921679 -42.048023227696 0.975979655375 -0.217861681566
54.177180726935 16.449249802364 0.517601934659 -0.855621550241
66.077936868627 16.303948771078 0.747429878832 -0.664340707942
73.276211703262 -45.454421769860 -0.035795093918 0.999359150282
-3.863375443530 77.519383565351 0.843045331760 -0.537842512822
34.636213708013 -15.437303407423 -0.521546067975 -0.853223123796
-114.897044215015 112.822670009691 -0.982201548073 0.187830026790
6.931357030527 28.581186254533 0.085660925310 -0.996324347728
66.990034985425 -102.624223029849 -0.790246337955 0.612789299310
9.176964253385 7.635091706670 -0.859711351134 -0.510780180442
40.848775281722 26.153140766238 0.376352831129 -0.926476414433
-76.268556072299 38.669155304021 -0.834462293532 -0.551065042145
-14.423264201142 13.410333161523 0.054398784747 0.998519289858
-35.751071085066 162.821948703089 -0.068666304206 0.997639683787
20.152028559030 -111.345701667285 -0.986136347670 -0.165937047713
-18.188289594931 58.642956010127 0.108610175431 0.994084417840
47.173948658067 -57.253840522564 0.768879528377 -0.639393674384
-76.156199976359 3.997585068451 0.387927744933 0.921689787679
35.262989746838 -23.825072554488 0.999970485553 0.007682969647
78.175418064909 -43.954116444897 -0.994248852298 -0.107094442916
-41.536214219551 42.296362643258 0.568131299174 -0.822937924086
-55.268855696258 99.513357802260 -0.999190550301 0.040227405943
-136.099604954432 88.879512715414 0.020400746469 -0.999791883115
