#Configurational_file created 2018-11-24 00:08:37  started 2018-11-24 00:08:28 run for 9.0s steps 0
name: f32
step: 1000000
specie: 32
	particle_diameter: 1.0000000000000000
	interaction_length: 1.2000000000000000
	number_of_patches: 6
	number_of_particles_per_compound: 1
	rod_length: 2.0000000000000000
	interaction_matrix:  1.000000 1.000000 1.000000 1.000000 1.000000 1.000000 1.000000 1.000000 1.000000 1.000000 1.000000 1.000000 1.000000 1.000000 1.000000 1.000000 1.000000 1.000000 1.000000 1.000000 1.000000 1.000000 1.000000 1.000000 1.000000 1.000000 1.000000 1.000000 1.000000 1.000000 1.000000 1.000000 1.000000 1.000000 1.000000 1.000000
	patch_type: symmetric
	patch_width: 8.0000000000000000
	patch_angle: 0.0000000000000000
	angles:  0.000000 0.000000 0.000000 0.000000 0.000000 0.000000
	grand_canonical: 0
	chemical_potential: -7.2000000000000002
box: 8.500000 8.500000
copy: 1.000000 1.000000
epsilon: 1.0000000000000000
end_epsilon: 0.0000000000000000
pressure: 1.0000000000000000
lambda: 1.0000000000000000
lambda_coupling: 1.0000000000000000
uy: 0.0000000000000000
maximum_displacement: 0.9373726627061342
maximum_rotation: 1.0000000000000000
maximum_volume: 0.0000001000000000
maximum_shape: 0.0000001000000000
maximum_dsigma: 0.0100000000000000
mod: 50
pmod: 200
optimize: 1
verbose: 1
snapshot: 1
display: 1
explore: 1
npt: 0
nptxy: 0
nptdxdy: 0
shape: 0
seed: 46
screen_geometry: 640.000000 640.000000
55.789956683617 -27.664581409157 0.863775396847 0.503877032421
-140.745762693592 -5.704979916324 -0.544477430784 0.838775492827
-145.713444748611 -33.059626395191 -0.936905549043 -0.349582597068
30.578592884872 57.828323409028 -0.976859652798 -0.213881319276
98.469838001652 46.050479208909 -0.309472736101 0.950908316091
-9.714662058400 -13.232975781767 -0.975405045090 0.220420049026
36.874171982428 89.632669815229 -0.014682889348 -0.999892200570
-21.060734140241 99.715070693899 -0.491165877840 0.871066059749
-10.916379394844 42.161084565988 0.960201030959 -0.279309828229
15.732983045904 -41.964695750661 0.836984711618 -0.547226271773
-91.088432740485 17.861482969342 0.885667020044 0.464320933845
-48.851255134760 -9.224619666854 -0.995109877674 -0.098774143158
-43.019299691132 30.332238851078 -0.999999711292 -0.000759879461
-18.937667433264 -58.815731891694 0.274975759535 0.961451159273
-0.447472530513 38.356524602176 0.822989374625 -0.568056765873
-59.527510040611 83.624597073058 -0.999939250459 0.011022494754
-31.025832713448 -7.263682272536 0.773785474055 -0.633447740655
-25.220404422636 15.253792398005 0.979073787228 -0.203505575264
-9.404788011529 90.303425203134 -0.873372850139 -0.487052219623
-26.671385219304 -71.648906623382 0.269142365376 0.963100403468
49.830439191262 -26.015200032606 -0.026187813202 -0.999657040409
-6.302815311459 -55.332010540432 0.514292963175 -0.857614568456
34.123489151646 44.368900761185 -0.866770639707 -0.498706986257
57.245694155442 3.256670073297 -0.574767870457 0.818316500561
33.460197885367 -103.922227137425 0.870442819212 0.492269538446
54.897690386748 59.389985130480 -0.131082933822 -0.991371405912
11.302954567872 -48.466831034094 0.932034538154 -0.362369451924
-122.742284886923 122.711573588870 0.736219574885 -0.676742741045
1.877588383833 21.172485078208 -0.821856970634 0.569693882555
28.429150181338 -35.366553820750 0.785960985567 -0.618276094611
62.735486676805 -32.908193535955 -0.019643587320 -0.999807046123
-47.012922829318 -44.298402979508 -0.896855767906 -0.442323107664
