#Configurational_file created 2018-11-24 00:08:47  started 2018-11-24 00:08:37 run for 10.0s steps 0
name: f33
step: 1000000
specie: 33
	particle_diameter: 1.0000000000000000
	interaction_length: 1.2000000000000000
	number_of_patches: 6
	number_of_particles_per_compound: 1
	rod_length: 2.0000000000000000
	interaction_matrix:  1.000000 1.000000 1.000000 1.000000 1.000000 1.000000 1.000000 1.000000 1.000000 1.000000 1.000000 1.000000 1.000000 1.000000 1.000000 1.000000 1.000000 1.000000 1.000000 1.000000 1.000000 1.000000 1.000000 1.000000 1.000000 1.000000 1.000000 1.000000 1.000000 1.000000 1.000000 1.000000 1.000000 1.000000 1.000000 1.000000
	patch_type: symmetric
	patch_width: 8.0000000000000000
	patch_angle: 0.0000000000000000
	angles:  0.000000 0.000000 0.000000 0.000000 0.000000 0.000000
	grand_canonical: 0
	chemical_potential: -7.2000000000000002
box: 8.500000 8.500000
copy: 1.000000 1.000000
epsilon: 1.0000000000000000
end_epsilon: 0.0000000000000000
pressure: 1.0000000000000000
lambda: 1.0000000000000000
lambda_coupling: 1.0000000000000000
uy: 0.0000000000000000
maximum_displacement: 0.8795663535375131
maximum_rotation: 1.0000000000000000
maximum_volume: 0.0000001000000000
maximum_shape: 0.0000001000000000
maximum_dsigma: 0.0100000000000000
mod: 50
pmod: 200
optimize: 1
verbose: 1
snapshot: 1
display: 1
explore: 1
npt: 0
nptxy: 0
nptdxdy: 0
shape: 0
seed: 46
screen_geometry: 640.000000 640.000000
52.215874706395 -51.076664029733 -0.164429630821 0.986388816090
82.628945745229 82.469304446269 -0.743079223238 0.669203457845
20.456471677989 2.766769887420 -0.699557155323 0.714576648399
-61.208787866834 36.719423896622 -0.669820231488 0.742523304341
145.124973382787 34.554022402085 0.996622212792 -0.082122865089
28.356978610530 65.307638754823 -0.416586670678 -0.909096004729
-35.721184713608 82.361260945285 -0.856909006589 -0.515467704543
56.857098033605 -44.541313652721 0.171551270705 0.985175193313
3.886797716979 55.238443942135 0.999482118233 -0.032179113292
-7.547559957503 70.277324602706 -0.498206395371 0.867058468393
-72.245686747566 16.984161010027 -0.203409813858 0.979093686848
-26.479657784634 10.753994302754 -0.355920993874 -0.934516049151
89.421953096566 -15.890996437532 -0.993313829135 0.115445384701
23.456528801459 -34.137240113190 0.999928939667 0.011921225459
-31.832996738873 32.336099563249 0.704021390098 0.710178767835
55.983370451784 29.655845871690 0.378510941759 -0.925596816637
25.547544765861 33.648286746410 0.046838287473 0.998902485144
55.813303852853 0.462348288458 0.985903706572 0.167313721399
-31.789888461882 30.222260785582 0.989570184782 0.144051551155
-23.021450270199 12.618452793157 0.087359624113 0.996176839760
-72.518829496241 -61.613130464492 0.313149856663 0.949703726049
-57.065031332604 35.199746814224 -0.991835090256 -0.127527070603
60.161759459299 13.352062383985 0.987022698736 0.160580796423
20.449093028194 -17.788687557519 0.992819487024 0.119622180993
53.655126234578 -50.408787525531 0.948042311520 0.318144268481
-20.513219448431 -100.287710745869 -0.836420024991 -0.548088990762
24.984463125789 -22.366085562963 -0.789734425199 0.613448887566
33.738363432032 -34.052160543911 0.994230621934 -0.107263555832
44.300396727461 -81.131714093131 0.971174591088 0.238369279952
26.957588937523 56.748095709023 0.985187717886 0.171479329734
12.045037953001 94.979813597364 0.498726546980 -0.866759384914
-37.796377872957 -31.336049196921 0.645707744973 -0.763584643692
-32.060448354502 -2.304569001192 -0.541417949369 0.840753592975
