#Configurational_file created 2018-11-24 00:08:47  started 2018-11-24 00:08:37 run for 10.0s steps 0
name: f34
step: 1000000
specie: 34
	particle_diameter: 1.0000000000000000
	interaction_length: 1.2000000000000000
	number_of_patches: 6
	number_of_particles_per_compound: 1
	rod_length: 2.0000000000000000
	interaction_matrix:  1.000000 1.000000 1.000000 1.000000 1.000000 1.000000 1.000000 1.000000 1.000000 1.000000 1.000000 1.000000 1.000000 1.000000 1.000000 1.000000 1.000000 1.000000 1.000000 1.000000 1.000000 1.000000 1.000000 1.000000 1.000000 1.000000 1.000000 1.000000 1.000000 1.000000 1.000000 1.000000 1.000000 1.000000 1.000000 1.000000
	patch_type: symmetric
	patch_width: 8.0000000000000000
	patch_angle: 0.0000000000000000
	angles:  0.000000 0.000000 0.000000 0.000000 0.000000 0.000000
	grand_canonical: 0
	chemical_potential: -7.2000000000000002
box: 8.500000 8.500000
copy: 1.000000 1.000000
epsilon: 1.0000000000000000
end_epsilon: 0.0000000000000000
pressure: 1.0000000000000000
lambda: 1.0000000000000000
lambda_coupling: 1.0000000000000000
uy: 0.0000000000000000
maximum_displacement: 0.8179511421076866
maximum_rotation: 1.0000000000000000
maximum_volume: 0.0000001000000000
maximum_shape: 0.0000001000000000
maximum_dsigma: 0.0100000000000000
mod: 50
pmod: 200
optimize: 1
verbose: 1
snapshot: 1
display: 1
explore: 1
npt: 0
nptxy: 0
nptdxdy: 0
shape: 0
seed: 46
screen_geometry: 640.000000 640.000000
114.305976440344 26.564018905384 -0.715175003624 -0.698945430053
58.620441043188 16.897477156985 -0.198326050613 0.980136101594
54.490754437951 38.308850311420 0.357300015982 -0.933989667277
20.702572331165 28.321485524081 -0.264635746771 -0.964348444045
41.625984155700 -43.516661067306 -0.004137131339 -0.999991442036
-33.409240662854 -9.308803315434 0.306547940776 -0.951855220087
66.505575156464 39.835379272000 0.878515203149 -0.477714389396
-29.897258004132 8.259362252723 -0.897662507131 -0.440683586365
-8.363162456545 -60.100588412835 -0.559864448228 0.828584213952
92.544642875496 19.217549571146 -0.472459770530 0.881352236754
30.816721730415 -37.171570501790 -0.423153910225 0.906057817284
66.374051224222 69.145709945768 0.250679746392 -0.968070072231
39.948059724332 0.192138398721 -0.751757779855 -0.659439337944
61.665299619441 13.024021359790 0.935802369989 0.352525069070
-12.661593834341 39.824934453716 -0.351365826623 0.936238247393
34.040316820197 56.766851000996 -0.461515529037 0.887132130214
-54.628228414802 59.225329961665 0.993253704271 -0.115961540834
11.531894773188 20.010537203988 0.472244573331 -0.881467562057
15.269015459322 -8.839145728522 -0.057929244430 0.998320691281
-24.635475302730 -32.176880404420 -0.165689898701 0.986177903559
-6.231283895770 63.164960134216 0.423220015123 0.906026941542
29.750258290312 -33.971054017886 -0.543526675390 0.839391894850
27.009045115191 -1.923154417379 -0.759346879600 -0.650686035229
22.187397219849 32.653661166823 -0.643050346379 -0.765823904055
14.863927309401 4.302254832142 -0.978895535014 0.204361276982
66.748568036208 13.372416960261 -0.600678419179 -0.799490735864
52.884151504395 -36.850307680712 -0.841327992611 -0.540524938231
56.995074217682 52.826846610244 0.204936453261 -0.978775280708
-42.257019809291 -66.878797433415 -0.418691515161 -0.908128523466
30.688139363943 -96.341351251843 0.218760744335 -0.975778528529
1.457407498657 -17.315600568572 -0.578456815711 -0.815713008574
27.836817203290 2.742133556265 -0.309426196279 0.950923461198
-11.648127576348 -14.750476229336 0.619820798902 -0.784743383055
36.690543786774 -7.656269589595 -0.967656468113 -0.252271599113
