#Configurational_file created 2018-11-24 00:08:47  started 2018-11-24 00:08:37 run for 10.0s steps 0
name: f35
step: 1000000
specie: 35
	particle_diameter: 1.0000000000000000
	interaction_length: 1.2000000000000000
	number_of_patches: 6
	number_of_particles_per_compound: 1
	rod_length: 2.0000000000000000
	interaction_matrix:  1.000000 1.000000 1.000000 1.000000 1.000000 1.000000 1.000000 1.000000 1.000000 1.000000 1.000000 1.000000 1.000000 1.000000 1.000000 1.000000 1.000000 1.000000 1.000000 1.000000 1.000000 1.000000 1.000000 1.000000 1.000000 1.000000 1.000000 1.000000 1.000000 1.000000 1.000000 1.000000 1.000000 1.000000 1.000000 1.000000
	patch_type: symmetric
	patch_width: 8.0000000000000000
	patch_angle: 0.0000000000000000
	angles:  0.000000 0.000000 0.000000 0.000000 0.000000 0.000000
	grand_canonical: 0
	chemical_potential: -7.2000000000000002
box: 8.500000 8.500000
copy: 1.000000 1.000000
epsilon: 1.0000000000000000
end_epsilon: 0.0000000000000000
pressure: 1.0000000000000000
lambda: 1.0000000000000000
lambda_coupling: 1.0000000000000000
uy: 0.0000000000000000
maximum_displacement: 0.7773601569734134
maximum_rotation: 1.0000000000000000
maximum_volume: 0.0000001000000000
maximum_shape: 0.0000001000000000
maximum_dsigma: 0.0100000000000000
mod: 50
pmod: 200
optimize: 1
verbose: 1
snapshot: 1
display: 1
explore: 1
npt: 0
nptxy: 0
nptdxdy: 0
shape: 0
seed: 46
screen_geometry: 640.000000 640.000000
82.547611893785 -20.382324162176 -0.992221426476 0.124485504548
-9.219729471178 2.026089187052 -0.865640978832 -0.500665253204
14.770983434149 130.875191273915 -0.967127833537 0.254290687203
89.162465693937 5.413471722839 0.926370733253 -0.376612884236
55.966700724155 68.291879684697 0.063744269074 0.997966266043
29.923000083944 8.929174333208 0.036778971424 -0.999323424753
-22.826489379011 15.082292272110 0.992742827631 0.120256717850
44.542612818434 55.584973760968 0.972359366627 0.233489319098
-7.056626229158 42.765849591662 0.950970120166 -0.309282767952
23.270867187474 -46.831772212526 0.881975703480 -0.471294874225
1.916845266894 -0.443449400588 0.191117698355 -0.981567127290
-38.822935213714 -44.663240854554 -0.655062911801 0.755574338886
-39.881654427691 -15.977293479811 -0.895802425700 0.444452488023
65.472249336212 1.890663598967 0.592948315178 0.805240520297
-35.056771088146 -26.450243811653 0.122732268398 0.992439816963
38.569307642910 1.574997231309 -0.385937358510 -0.922524988987
-22.501374854240 28.469549153682 0.809114314440 -0.587651279390
-21.696165733731 -60.301120214874 0.554183666832 0.832394415777
-9.454700315790 2.044010258198 0.612294493719 0.790629782491
-10.371311563356 68.776515339162 -0.752519141155 0.658570377556
-10.429383072277 58.576539234954 0.758507411856 -0.651664412224
-25.306852480048 -14.559223599182 -0.892695312690 -0.450660713510
0.253274378366 -20.771840059769 0.209758479237 -0.977753230825
-33.940231970718 -65.446226333656 -0.244078364489 -0.969755511450
0.676061111470 65.638628924332 -0.121126657991 -0.992637059919
-74.136712050467 0.896232243203 -0.206488764290 0.978448971701
26.000191566497 -60.383555211045 0.973850521647 0.227189703747
-38.691930956823 -30.866924594813 0.253339313072 -0.967377481882
41.460569188695 -32.759451016035 -0.977758484461 -0.209733988817
-11.626751143588 -1.871592607479 -0.846114001689 0.533001966362
-8.201990373567 -4.932410855469 0.702620069798 -0.711565202576
-30.918895754970 36.282936305289 0.894154511942 0.447758538471
-8.085942754564 -20.311105750935 -0.961574789609 -0.274543118632
-4.093666526847 -25.561801865551 0.901707812317 0.432345950838
-40.985533883237 19.448202595442 0.557115757394 0.830434845646
