#Configurational_file created 2018-11-24 00:08:47  started 2018-11-24 00:08:37 run for 10.0s steps 0
name: f36
step: 1000000
specie: 36
	particle_diameter: 1.0000000000000000
	interaction_length: 1.2000000000000000
	number_of_patches: 6
	number_of_particles_per_compound: 1
	rod_length: 2.0000000000000000
	interaction_matrix:  1.000000 1.000000 1.000000 1.000000 1.000000 1.000000 1.000000 1.000000 1.000000 1.000000 1.000000 1.000000 1.000000 1.000000 1.000000 1.000000 1.000000 1.000000 1.000000 1.000000 1.000000 1.000000 1.000000 1.000000 1.000000 1.000000 1.000000 1.000000 1.000000 1.000000 1.000000 1.000000 1.000000 1.000000 1.000000 1.000000
	patch_type: symmetric
	patch_width: 8.0000000000000000
	patch_angle: 0.0000000000000000
	angles:  0.000000 0.000000 0.000000 0.000000 0.000000 0.000000
	grand_canonical: 0
	chemical_potential: -7.2000000000000002
box: 8.500000 8.500000
copy: 1.000000 1.000000
epsilon: 1.0000000000000000
end_epsilon: 0.0000000000000000
pressure: 1.0000000000000000
lambda: 1.0000000000000000
lambda_coupling: 1.0000000000000000
uy: 0.0000000000000000
maximum_displacement: 0.7248071311607623
maximum_rotation: 1.0000000000000000
maximum_volume: 0.0000001000000000
maximum_shape: 0.0000001000000000
maximum_dsigma: 0.0100000000000000
mod: 50
pmod: 200
optimize: 1
verbose: 1
snapshot: 1
display: 1
explore: 1
npt: 0
nptxy: 0
nptdxdy: 0
shape: 0
seed: 46
screen_geometry: 640.000000 640.000000
105.418247640730 -21.633811940656 -0.339553089230 0.940586891039
43.921467021369 44.831700546301 -0.956582959233 0.291460189572
-32.173616924417 -15.487066165378 0.145580686848 0.989346382020
-51.277439712123 -82.591358169959 0.987251133149 0.159170349300
56.811725186660 -2.735245265210 0.022617256284 -0.999744197142
20.797502267194 21.995352262227 -0.544046114974 0.839055316878
-1.315584215471 63.920291442431 0.935199941247 0.354120134829
40.062060459481 7.744760830996 -0.999784184814 -0.020774594980
18.811928100285 13.893824074138 -0.143303677449 -0.989678764059
-3.307412703959 20.810082418290 -0.598125226641 0.801402653637
69.973658581496 -45.632408782065 0.317361476424 0.948304641601
-22.985580964281 -10.154898966666 0.868918676060 -0.494954881170
85.658360415904 -60.315028612595 0.023555232803 -0.999722537011
39.387365271687 19.387201300087 -0.832753038556 0.553644630404
19.819826136662 83.481330268264 -0.432579483737 0.901595802037
-9.079161253455 23.947272924414 -0.928159334004 -0.372183087608
-7.486223300424 -57.291800352698 0.518414529802 0.855129449435
-9.361377018537 55.910991054119 -0.998581004769 0.053253891073
-43.721047815655 -52.670370185027 -0.375319187259 0.926895629332
35.928698917546 53.669822855829 0.820568703353 -0.571547900948
8.066422955582 -80.514816205233 -0.468492775118 0.883467328011
73.567305146832 -3.518372462629 0.678467760757 -0.734630177445
38.024658128252 -15.131941763515 0.601354838537 0.798982076250
48.053803879750 -14.612244594951 0.977813024129 0.209479569035
29.477796610174 -8.719295490731 -0.930738070669 -0.365686537634
-51.858336992582 -29.602779080535 0.481766959076 0.876299376436
52.488961445524 -2.076955443185 0.734169371284 0.678966371972
9.209796718957 19.694401548046 0.850534918766 0.525918579211
55.955328829547 42.812249894931 -0.881136614464 -0.472861783876
20.956854768145 -9.336063259285 -0.235945661280 0.971766250146
56.670426099035 22.843965341752 0.229606656481 0.973283506127
-40.357982783760 30.186719762551 -0.942985581058 0.332833582916
-11.877381647777 -26.571897415280 -0.753297448455 -0.657679978523
18.773413599311 11.457623485368 0.644919475758 0.764250528157
45.538707481521 -34.751249171086 0.228784529026 -0.973477087187
58.144053198266 -8.566451881804 -0.934696233029 -0.355447537567
