#Configurational_file created 2018-11-24 00:08:57  started 2018-11-24 00:08:47 run for 10.0s steps 0
name: f37
step: 1000000
specie: 37
	particle_diameter: 1.0000000000000000
	interaction_length: 1.2000000000000000
	number_of_patches: 6
	number_of_particles_per_compound: 1
	rod_length: 2.0000000000000000
	interaction_matrix:  1.000000 1.000000 1.000000 1.000000 1.000000 1.000000 1.000000 1.000000 1.000000 1.000000 1.000000 1.000000 1.000000 1.000000 1.000000 1.000000 1.000000 1.000000 1.000000 1.000000 1.000000 1.000000 1.000000 1.000000 1.000000 1.000000 1.000000 1.000000 1.000000 1.000000 1.000000 1.000000 1.000000 1.000000 1.000000 1.000000
	patch_type: symmetric
	patch_width: 8.0000000000000000
	patch_angle: 0.0000000000000000
	angles:  0.000000 0.000000 0.000000 0.000000 0.000000 0.000000
	grand_canonical: 0
	chemical_potential: -7.2000000000000002
box: 8.500000 8.500000
copy: 1.000000 1.000000
epsilon: 1.0000000000000000
end_epsilon: 0.0000000000000000
pressure: 1.0000000000000000
lambda: 1.0000000000000000
lambda_coupling: 1.0000000000000000
uy: 0.0000000000000000
maximum_displacement: 0.6824642442608453
maximum_rotation: 1.0000000000000000
maximum_volume: 0.0000001000000000
maximum_shape: 0.0000001000000000
maximum_dsigma: 0.0100000000000000
mod: 50
pmod: 200
optimize: 1
verbose: 1
snapshot: 1
display: 1
explore: 1
npt: 0
nptxy: 0
nptdxdy: 0
shape: 0
seed: 46
screen_geometry: 640.000000 640.000000
14.962799554144 -10.809097148583 -0.971728228468 -0.236102202443
24.972636153754 -44.458501582911 -0.563709595114 -0.825973057900
-37.005954566309 59.546530320810 -0.038798618508 0.999247050134
-28.836763847900 45.319468487910 -0.864308453227 -0.502962123504
41.455308718048 -13.278444369957 -0.871374946286 -0.490617674962
14.420275460776 9.690851754639 -0.368946434955 0.929450659333
19.869315271827 34.725766022148 -0.744185263231 -0.667973273410
-59.870453652451 -31.905474665538 -0.147661950206 -0.989037890306
76.482753381056 17.077315749609 -0.964746662317 0.263180313756
-5.551549606160 -2.076001801937 -0.999388529088 -0.034965238834
12.071301970836 -8.860508118461 -0.836676078402 0.547698037087
-34.306783527161 82.025399460979 -0.881764777198 0.471689386877
-42.759966665958 -44.311203869553 0.111531829719 0.993760862059
-22.384504232782 -15.519497445691 0.317887074996 0.948128581760
-69.471407289808 1.201705451460 0.039239030833 -0.999229852666
-1.706352549110 27.754410706464 0.914960650454 0.403543068482
35.884810157558 29.054337549106 -0.751885386561 0.659293838494
-34.711556171748 -1.028300354890 -0.470931955792 -0.882169537569
28.846283993390 -11.604524219063 0.321651180716 0.946858235400
6.827963646240 -49.605331516953 -0.834115794263 0.551589377854
30.605540472230 -29.171532094587 -0.428396735356 -0.903590746487
21.605327342834 -28.812842288033 0.960408163534 -0.278596768499
-1.517440894817 -5.183337242776 0.462573374808 -0.886581001894
33.045076304613 -21.570883833158 0.146994265179 -0.989137344358
-19.801840385393 15.188240410389 -0.907555969011 -0.419931140917
40.384303291573 -25.790461702374 -0.953454489778 0.301536956146
-12.488486699398 1.269328044251 -0.117283106083 0.993098521310
-48.281551746647 -11.982983606356 0.968879174222 0.247534130492
51.009654353577 -65.954557408736 -0.714725714872 -0.699404855932
55.895493632427 -13.757854922051 0.809647938454 -0.586915850661
27.064956416194 -18.027807101557 -0.826082847264 -0.563548693066
19.532933313104 -14.112981842228 -0.035725540579 0.999361639123
-6.486214710736 18.779388872468 0.627621152140 0.778518907533
-55.432394528042 -16.371383199879 -0.743086495779 -0.669195382374
-39.442634534377 -22.854360712790 -0.995461710764 -0.095162925567
19.360646656077 -18.350879310646 -0.990384595222 -0.138341438288
-16.711129246764 22.389457906964 -0.397420075072 -0.917636793034
