#Configurational_file created 2018-11-24 00:08:57  started 2018-11-24 00:08:47 run for 10.0s steps 0
name: f38
step: 1000000
specie: 38
	particle_diameter: 1.0000000000000000
	interaction_length: 1.2000000000000000
	number_of_patches: 6
	number_of_particles_per_compound: 1
	rod_length: 2.0000000000000000
	interaction_matrix:  1.000000 1.000000 1.000000 1.000000 1.000000 1.000000 1.000000 1.000000 1.000000 1.000000 1.000000 1.000000 1.000000 1.000000 1.000000 1.000000 1.000000 1.000000 1.000000 1.000000 1.000000 1.000000 1.000000 1.000000 1.000000 1.000000 1.000000 1.000000 1.000000 1.000000 1.000000 1.000000 1.000000 1.000000 1.000000 1.000000
	patch_type: symmetric
	patch_width: 8.0000000000000000
	patch_angle: 0.0000000000000000
	angles:  0.000000 0.000000 0.000000 0.000000 0.000000 0.000000
	grand_canonical: 0
	chemical_potential: -7.2000000000000002
box: 8.500000 8.500000
copy: 1.000000 1.000000
epsilon: 1.0000000000000000
end_epsilon: 0.0000000000000000
pressure: 1.0000000000000000
lambda: 1.0000000000000000
lambda_coupling: 1.0000000000000000
uy: 0.0000000000000000
maximum_displacement: 0.6212040292764216
maximum_rotation: 1.0000000000000000
maximum_volume: 0.0000001000000000
maximum_shape: 0.0000001000000000
maximum_dsigma: 0.0100000000000000
mod: 50
pmod: 200
optimize: 1
verbose: 1
snapshot: 1
display: 1
explore: 1
npt: 0
nptxy: 0
nptdxdy: 0
shape: 0
seed: 46
screen_geometry: 640.000000 640.000000
25.481915969302 1.196211792745 -0.410912877156 -0.911674617058
-11.345093993020 20.199127433131 -0.883807337573 0.467851034040
-14.736046290638 15.000608425056 0.490759142603 -0.871295279427
10.434431089695 59.655660737636 -0.990852072874 0.134952471938
61.455239862076 15.561997259107 -0.991365412899 -0.131128250612
-9.414952519591 -3.832392681932 -0.886195496587 -0.463311495464
-33.521024990460 83.041886698502 -0.880656152713 0.473755992773
58.234256966705 -3.071865732802 -0.167368523458 0.985894404769
4.865878008562 12.276025714539 -0.151511648872 -0.988455472065
-2.905891809773 44.189217029754 -0.684732515484 0.728794471877
28.896236858675 -15.152961716598 0.959587095500 -0.281411808832
38.828571939916 16.741078471378 -0.978370514846 -0.206860183890
28.501871163575 34.084095738138 0.392221837416 -0.919870659525
35.490665687594 22.019151159090 -0.892080623543 -0.451876267467
-20.563856059734 -21.996763709420 -0.943952421414 -0.330081544632
7.945773314175 31.629196048120 -0.875393020564 -0.483411894297
23.703835272671 56.214946639982 -0.639328967830 -0.768933333192
-31.913357682727 18.364191698681 0.538676949315 0.842512400073
-36.243707606416 10.247533928871 0.988164303510 0.153399182749
-2.137206941385 3.004197954691 -0.911695729041 -0.410866033699
-9.453873646557 41.511772383449 0.831996918928 0.554780250995
-11.208354649385 -34.285853690715 0.743681125312 0.668534504610
-60.311545353288 9.093153737977 0.430278945752 -0.902695978080
-33.114048606921 48.097321135550 0.043715186644 0.999044034293
25.388560203651 -34.159162166610 -0.983363588294 0.181648157762
-21.053061525583 5.665108146403 0.818151265554 0.575003049273
42.201868792001 2.729876085247 -0.792876719448 -0.609382070427
1.508381307154 -4.055687418701 -0.949925541778 0.312476343228
15.159977446845 25.905796670725 -0.877649806685 0.479302427310
-4.260602775731 -1.052758939827 0.453264237458 0.891376200625
47.235243743762 25.182996043513 0.782893014264 0.622156353513
-13.817320357061 -29.878735717381 -0.975554858217 0.219756043397
52.036471832138 44.887701923510 -0.697191883139 -0.716884563989
27.685425767295 17.868105376531 0.751325669768 -0.659931616114
-2.964028869110 20.060491827386 0.977925205465 0.208955240462
57.864267173612 10.948912664484 -0.999988287071 0.004840012477
37.978579928315 -16.122690572681 -0.896938335936 0.442155653056
7.387824884381 -16.373098426028 -0.998905852284 0.046766422502
