#Configurational_file created 2018-11-24 00:08:57  started 2018-11-24 00:08:47 run for 10.0s steps 0
name: f39
step: 1000000
specie: 39
	particle_diameter: 1.0000000000000000
	interaction_length: 1.2000000000000000
	number_of_patches: 6
	number_of_particles_per_compound: 1
	rod_length: 2.0000000000000000
	interaction_matrix:  1.000000 1.000000 1.000000 1.000000 1.000000 1.000000 1.000000 1.000000 1.000000 1.000000 1.000000 1.000000 1.000000 1.000000 1.000000 1.000000 1.000000 1.000000 1.000000 1.000000 1.000000 1.000000 1.000000 1.000000 1.000000 1.000000 1.000000 1.000000 1.000000 1.000000 1.000000 1.000000 1.000000 1.000000 1.000000 1.000000
	patch_type: symmetric
	patch_width: 8.0000000000000000
	patch_angle: 0.0000000000000000
	angles:  0.000000 0.000000 0.000000 0.000000 0.000000 0.000000
	grand_canonical: 0
	chemical_potential: -7.2000000000000002
box: 8.500000 8.500000
copy: 1.000000 1.000000
epsilon: 1.0000000000000000
end_epsilon: 0.0000000000000000
pressure: 1.0000000000000000
lambda: 1.0000000000000000
lambda_coupling: 1.0000000000000000
uy: 0.0000000000000000
maximum_displacement: 0.5998826090491712
maximum_rotation: 1.0000000000000000
maximum_volume: 0.0000001000000000
maximum_shape: 0.0000001000000000
maximum_dsigma: 0.0100000000000000
mod: 50
pmod: 200
optimize: 1
verbose: 1
snapshot: 1
display: 1
explore: 1
npt: 0
nptxy: 0
nptdxdy: 0
shape: 0
seed: 46
screen_geometry: 640.000000 640.000000
47.528021693298 -32.160048637842 -0.999250258988 0.038715887076
-27.139401191121 31.064769299774 -0.072570155903 0.997363310169
3.197596265542 -11.282504644812 0.409402226940 0.912353997402
26.015905950394 30.471031919436 -0.941686983898 -0.336490154918
7.937462675764 72.262604641102 -0.081605767622 -0.996664687190
-4.583813358029 23.457090491298 0.944332631000 0.328992221835
-9.355105193753 1.928875337448 -0.943875930242 -0.330300209370
12.242096475273 36.307005469493 0.475288666977 0.879829917111
-3.733584310950 28.230576978618 0.605898564872 0.795541909070
-7.975422776431 69.042455313338 -0.695394676521 -0.718628028862
-29.124248521640 43.321380066083 0.977658580202 0.210199192570
48.020499999244 -18.138701111240 0.016511261237 0.999863679835
-18.103458185013 19.572681431694 -0.342513832610 -0.939512785688
-9.509368319702 25.824456444157 -0.242339009249 -0.970191632924
-42.807924257999 27.521871244868 0.907188414360 -0.420724590263
51.982584860676 -19.738827735900 -0.696075189573 -0.717968892405
21.409601122714 -19.080675362542 0.382740867711 0.923855739920
33.876451997253 -27.136631668337 -0.550348782954 0.834934857999
28.065974203699 -10.782486004202 -0.056014720569 -0.998429943000
-22.697926409143 0.057271535275 -0.798532480396 0.601951723773
-0.327488876327 68.229286018988 -0.694999771966 -0.719009956098
26.436419623861 20.944253622211 0.022791929269 0.999740230240
52.290546233544 -39.926377767468 -0.975354573754 0.220643276485
-52.290381281224 -61.270951414571 0.676644099125 0.736310235647
-1.024542440827 -59.059845038785 0.978757615726 -0.205020802987
24.589837602582 7.027605420107 0.487637863541 -0.873045997666
32.527679224417 -9.298275104350 0.999238316752 0.039022895001
16.325889039170 -2.048027646662 0.889775463288 -0.456398537388
64.133025046401 64.339255690549 -0.853261855521 -0.521482699534
-9.295786418780 5.263551741417 -0.011278879357 -0.999936391417
17.793412797991 50.900910516284 0.874045909794 0.485843336450
21.544115505666 29.358883031710 0.763216325353 0.646143049730
27.117980483639 37.086047493909 -0.714145580231 -0.699997207306
38.712539827725 10.057070940194 -0.668669288673 0.743559938664
12.666674123337 28.130533889957 -0.996817355993 0.079719249818
-6.509080725735 37.416752806654 0.572796834810 -0.819697374664
-12.074877897447 3.689326598856 -0.998297345289 -0.058330184206
70.452109352282 0.680814548123 0.981350465803 0.192227113768
-21.233436827684 6.416920067688 -0.577960430133 -0.816064789830
