#Configurational_file created 2018-11-24 00:08:58  started 2018-11-24 00:08:47 run for 11.0s steps 0
name: f40
step: 1000000
specie: 40
	particle_diameter: 1.0000000000000000
	interaction_length: 1.2000000000000000
	number_of_patches: 6
	number_of_particles_per_compound: 1
	rod_length: 2.0000000000000000
	interaction_matrix:  1.000000 1.000000 1.000000 1.000000 1.000000 1.000000 1.000000 1.000000 1.000000 1.000000 1.000000 1.000000 1.000000 1.000000 1.000000 1.000000 1.000000 1.000000 1.000000 1.000000 1.000000 1.000000 1.000000 1.000000 1.000000 1.000000 1.000000 1.000000 1.000000 1.000000 1.000000 1.000000 1.000000 1.000000 1.000000 1.000000
	patch_type: symmetric
	patch_width: 8.0000000000000000
	patch_angle: 0.0000000000000000
	angles:  0.000000 0.000000 0.000000 0.000000 0.000000 0.000000
	grand_canonical: 0
	chemical_potential: -7.2000000000000002
box: 8.500000 8.500000
copy: 1.000000 1.000000
epsilon: 1.0000000000000000
end_epsilon: 0.0000000000000000
pressure: 1.0000000000000000
lambda: 1.0000000000000000
lambda_coupling: 1.0000000000000000
uy: 0.0000000000000000
maximum_displacement: 0.5559779297593251
maximum_rotation: 0.9361567291541033
maximum_volume: 0.0000001000000000
maximum_shape: 0.0000001000000000
maximum_dsigma: 0.0100000000000000
mod: 50
pmod: 200
optimize: 1
verbose: 1
snapshot: 1
display: 1
explore: 1
npt: 0
nptxy: 0
nptdxdy: 0
shape: 0
seed: 46
screen_geometry: 640.000000 640.000000
-2.503357015656 25.912211349553 -0.984186864006 -0.177133330344
-4.158319572563 20.355161989139 -0.881525276933 -0.472136829879
31.960844881721 1.778993029673 -0.998490158873 0.054930889619
-12.350605460287 -54.865681736841 0.752918572321 0.658113685812
-16.545339134220 47.106563827864 -0.365586760966 -0.930777266700
17.781327669749 -5.667234174160 0.638031320261 0.770010411855
10.583886570105 8.856694839255 0.998926307019 0.046327455622
11.438111643420 -33.328189857422 -0.432977910352 0.901404531355
80.584379866636 -66.321996459594 -0.987618726595 -0.156873359369
-55.959854273430 4.724255729084 -0.049016615636 -0.998797963250
-21.610627142887 -25.518814065452 -0.581536115100 -0.813520587837
-23.697347953605 -25.385047648505 -0.243530900733 -0.969893138644
40.819666210083 -5.132186091620 -0.430132395328 -0.902765818188
1.870326354799 2.489266541755 -0.998178815946 0.060324550524
60.366093499014 39.240971195623 0.967137226274 0.254254961712
15.635879989821 5.436218486034 0.648480370325 -0.761231376983
17.648406680231 -27.880512210770 0.991984437588 -0.126360102811
-8.086113930268 -27.548980272260 -0.996154171473 0.087617730263
22.190344757124 67.288559579889 -0.330857405587 0.943680760198
-20.977484770715 -5.876804026481 -0.984128037353 -0.177459871792
12.294346521742 46.652900188973 -0.757491555879 -0.652844960746
-4.999979556431 38.524274099806 0.838834475546 -0.544386556259
36.469076296140 26.367253969349 -0.996324276662 -0.085661751873
-7.885473087958 -5.859304791152 0.573473594245 -0.819224045487
13.364854578348 -60.177743935641 -0.996586168568 -0.082559121959
11.729973619729 -0.731785018389 0.576225908703 0.817290463751
16.997662518905 33.031242045205 0.663279934650 -0.748371383934
-1.645575134847 10.272981646269 -0.376965099718 -0.926227463205
13.999826463987 15.435346842689 0.720756127504 -0.693188722258
19.795837103406 6.810115139273 -0.996651880845 -0.081762023013
9.844316321826 -1.808310804323 -0.443631516256 -0.896209282358
-33.262337593862 8.816980823892 0.118177693153 0.992992463638
17.621802140848 -15.791518509681 0.953178701419 0.302407610951
22.789747984059 -40.010599871373 -0.600385157046 0.799710987294
0.955066463387 11.872713609668 -0.588695083986 0.808355180654
32.731563195406 45.719056088826 0.918113361756 -0.396317871114
-2.621755971141 14.871361932606 0.300640097473 0.953737664031
-18.104209108738 -1.960436832251 0.627855038951 -0.778330296252
-15.095192662127 -12.843277470030 -0.874112537129 0.485723452630
19.585045748265 37.541611693949 0.939531643919 -0.342462100202
