#Configurational_file created 2018-11-24 00:07:51  started 2018-11-24 00:07:45 run for 6.0s steps 0
name: f9
step: 1000000
specie: 9
	particle_diameter: 1.0000000000000000
	interaction_length: 1.2000000000000000
	number_of_patches: 6
	number_of_particles_per_compound: 1
	rod_length: 2.0000000000000000
	interaction_matrix:  1.000000 1.000000 1.000000 1.000000 1.000000 1.000000 1.000000 1.000000 1.000000 1.000000 1.000000 1.000000 1.000000 1.000000 1.000000 1.000000 1.000000 1.000000 1.000000 1.000000 1.000000 1.000000 1.000000 1.000000 1.000000 1.000000 1.000000 1.000000 1.000000 1.000000 1.000000 1.000000 1.000000 1.000000 1.000000 1.000000
	patch_type: symmetric
	patch_width: 8.0000000000000000
	patch_angle: 0.0000000000000000
	angles:  0.000000 0.000000 0.000000 0.000000 0.000000 0.000000
	grand_canonical: 0
	chemical_potential: -7.2000000000000002
box: 8.500000 8.500000
copy: 1.000000 1.000000
epsilon: 1.0000000000000000
end_epsilon: 0.0000000000000000
pressure: 1.0000000000000000
lambda: 1.0000000000000000
lambda_coupling: 1.0000000000000000
uy: 0.0000000000000000
maximum_displacement: 1.0000000000000000
maximum_rotation: 1.0000000000000000
maximum_volume: 0.0000001000000000
maximum_shape: 0.0000001000000000
maximum_dsigma: 0.0100000000000000
mod: 50
pmod: 200
optimize: 1
verbose: 1
snapshot: 1
display: 1
explore: 1
npt: 0
nptxy: 0
nptdxdy: 0
shape: 0
seed: 46
screen_geometry: 640.000000 640.000000
-31.353762548356 -248.017483162275 0.153912122003 -0.988084540260
118.117432812544 42.311217336868 -0.986146385082 0.165877386009
-32.420361216208 -132.658966117612 -0.198691521780 -0.980062079244
99.681617609355 -120.589664818672 0.762253559421 -0.647278542167
121.532650730299 -10.010583112431 0.952209250848 -0.305446464376
-123.041203915075 64.429664862221 0.642948252336 -0.765909619223
304.179363894979 292.046027355948 0.718098501444 -0.695941479022
-136.369096300100 -188.039936322678 0.955108232170 -0.296257092474
66.250921998635 -123.053868701658 0.170547896511 -0.985349387271
